t,id,x,y,theta,v,omega,gap_err,belief_err
0.0,0,3.00000,-2.50000,0.00000,0.00000,0.00000,0.00000,
0.0,1,2.00000,-2.50000,0.00000,0.00000,0.00000,0.00000,
0.0,2,1.00000,-2.50000,0.00000,0.00000,0.00000,0.00000,
0.02,0,3.00253,-2.50003,-0.00728,0.12497,-1.18294,0.00000,
0.02,1,2.00000,-2.50000,0.00000,0.00000,0.00003,0.00253,0.00253
0.02,2,1.00000,-2.50000,0.00000,0.00000,-0.00000,0.00000,
0.04,0,3.00505,-2.50074,-0.02857,0.14771,-1.15619,0.00000,
0.04,1,2.00000,-2.50000,0.00000,-0.00000,-0.00000,0.00505,0.00510
0.04,2,1.00000,-2.50000,-0.00000,0.00000,-0.00001,0.00000,0.00000
0.06,0,3.00956,-2.50137,-0.03977,0.32252,0.04178,0.00000,
0.06,1,2.00000,-2.50000,0.00000,-0.00000,-0.00002,0.00956,0.00966
0.06,2,1.00000,-2.50000,-0.00000,-0.00000,-0.00002,0.00000,0.00000
0.08,0,3.01768,-2.50174,-0.03347,0.45142,0.34436,0.00000,
0.08,1,2.00000,-2.50000,-0.00000,0.00000,-0.00001,0.01768,0.01776
0.08,2,1.00000,-2.50000,-0.00000,-0.00000,-0.00001,0.00000,0.00000
0.1,0,3.02741,-2.50212,-0.03382,0.48811,-0.15035,0.00000,
0.1,1,2.00000,-2.50000,-0.00000,0.00000,0.00000,0.02741,0.02749
0.1,2,1.00000,-2.50000,-0.00000,0.00000,0.00000,0.00000,0.00000
0.12,0,3.03751,-2.50246,-0.03514,0.52835,0.02697,0.00000,
0.12,1,2.00000,-2.50000,-0.00000,0.00000,0.00000,0.03752,0.01011
0.12,2,1.00000,-2.50000,-0.00000,0.00000,0.00002,0.00000,0.00000
0.14,0,3.04817,-2.50280,-0.03323,0.53033,0.11916,0.00000,
0.14,1,2.00501,-2.50000,-0.00013,0.23847,-0.00894,0.04317,0.02078
0.14,2,1.00000,-2.50000,-0.00000,0.00000,0.00002,0.00501,0.00501
0.16,0,3.05858,-2.50313,-0.03123,0.51280,0.07916,0.00000,
0.16,1,2.00903,-2.50000,-0.00030,0.19342,-0.00903,0.04955,0.03118
0.16,2,1.00000,-2.50000,-0.00000,0.00000,-0.00000,0.00903,0.00903
0.18,0,3.06874,-2.50344,-0.02995,0.50712,0.05794,0.00000,
0.18,1,2.01259,-2.50000,-0.00047,0.18341,-0.00668,0.05616,0.04135
0.18,2,1.00000,-2.50000,-0.00000,-0.00000,-0.00000,0.01259,0.01259
0.2,0,3.07775,-2.50374,-0.02893,0.45035,0.06131,0.00000,
0.2,1,2.01872,-2.49999,-0.00054,0.40872,-0.00289,0.05904,0.05037
0.2,2,1.00000,-2.50000,-0.00000,0.00000,0.00000,0.01872,0.01872
0.22,0,3.08700,-2.50402,-0.02753,0.47018,0.07170,0.00000,
0.22,1,2.02886,-2.49999,-0.00088,0.53409,-0.02519,0.05815,0.00926
0.22,2,1.00000,-2.50000,-0.00000,0.00000,0.00000,0.02886,0.02886
0.24,0,3.09612,-2.50428,-0.02611,0.44772,0.07019,0.00000,
0.24,1,2.03973,-2.49999,-0.00122,0.52031,-0.00885,0.05640,0.01838
0.24,2,1.00051,-2.50000,-0.00000,0.17060,0.00000,0.03921,0.01623
0.26,0,3.10598,-2.50454,-0.02495,0.52014,0.05259,0.00000,
0.26,1,2.04914,-2.49999,-0.00129,0.43648,-0.00199,0.05685,0.02824
0.26,2,1.00626,-2.50000,-0.00000,0.23354,0.00000,0.04289,0.02565
0.28,0,3.11648,-2.50480,-0.02388,0.52140,0.05519,0.00000,
0.28,1,2.05610,-2.50000,-0.00136,0.28968,-0.00499,0.06039,0.03875
0.28,2,1.01051,-2.50000,-0.00000,0.21046,0.00000,0.04560,0.03261
0.3,0,3.12667,-2.50504,-0.02275,0.50053,0.05695,0.00000,
0.3,1,2.06208,-2.50001,-0.00145,0.31740,-0.00436,0.06460,0.04894
0.3,2,1.01436,-2.50000,-0.00000,0.19696,0.00000,0.04773,0.03859
0.32,0,3.13658,-2.50527,-0.02163,0.49436,0.05422,0.00000,
0.32,1,2.06866,-2.50002,-0.00154,0.31200,-0.00381,0.06793,0.05885
0.32,2,1.02093,-2.50000,0.00000,0.44492,0.00003,0.04773,0.04517
0.34,0,3.14651,-2.50548,-0.02058,0.49876,0.05160,0.00000,
0.34,1,2.07614,-2.50003,-0.00178,0.37177,-0.02267,0.07038,0.01984
0.34,2,1.03026,-2.50000,-0.00000,0.49366,-0.00033,0.04588,0.01073
0.36,0,3.15652,-2.50569,-0.01957,0.50179,0.05006,0.00000,
0.36,1,2.08394,-2.50004,-0.00215,0.41785,-0.01141,0.07260,0.02986
0.36,2,1.03932,-2.50000,-0.00001,0.39731,-0.00017,0.04462,0.01853
0.38,0,3.16656,-2.50589,-0.01858,0.50134,0.04857,0.00000,
0.38,1,2.09273,-2.50006,-0.00224,0.43564,-0.00115,0.07385,0.03989
0.38,2,1.04607,-2.50000,-0.00001,0.30458,0.00004,0.04666,0.02731
0.4,0,3.17657,-2.50607,-0.01763,0.50034,0.04690,0.00000,
0.4,1,2.10206,-2.50008,-0.00229,0.48009,-0.00431,0.07453,0.04991
0.4,2,1.05071,-2.50000,-0.00001,0.20166,0.00001,0.05135,0.03664
0.42,0,3.18657,-2.50625,-0.01671,0.50019,0.04529,0.00000,
0.42,1,2.11150,-2.50010,-0.00240,0.46062,-0.00618,0.07509,0.05991
0.42,2,1.05593,-2.50000,-0.00001,0.37677,-0.00034,0.05558,0.00467
0.44,0,3.19658,-2.50642,-0.01582,0.50045,0.04378,0.00000,
0.44,1,2.12315,-2.50013,-0.00261,0.71227,-0.01290,0.07344,0.02001
0.44,2,1.06296,-2.50000,-0.00002,0.29180,-0.00076,0.06019,0.01631
0.46,0,3.20590,-2.50657,-0.01500,0.47159,0.04288,0.00000,
0.46,1,2.13610,-2.50015,-0.00224,0.62732,0.01937,0.06982,0.02934
0.46,2,1.06899,-2.50000,-0.00004,0.33121,-0.00044,0.06711,0.02927
0.48,0,3.21543,-2.50672,-0.01414,0.47894,0.04209,0.00000,
0.48,1,2.14793,-2.50022,-0.00140,0.54527,0.02977,0.06752,0.03887
0.48,2,1.07696,-2.50000,-0.00004,0.44434,0.00004,0.07097,0.04109
0.5,0,3.22501,-2.50685,-0.01334,0.47789,0.03889,0.00000,
0.5,1,2.15671,-2.50022,-0.00137,0.35698,-0.01441,0.06832,0.04844
0.5,2,1.08613,-2.50000,-0.00004,0.45488,-0.00008,0.07058,0.04987
0.52,0,3.23433,-2.50698,-0.01254,0.48369,0.03829,0.00000,
0.52,1,2.16431,-2.50021,-0.00092,0.39703,0.07615,0.07005,0.05777
0.52,2,1.09479,-2.50000,-0.00004,0.41556,-0.00016,0.06952,0.05747
0.54,0,3.24446,-2.50710,-0.01181,0.51669,0.03560,0.00000,
0.54,1,2.17418,-2.50021,0.00010,0.58592,0.01092,0.07030,0.01945
0.54,2,1.10197,-2.50000,-0.00006,0.26476,-0.00166,0.07222,0.01377
0.56,0,3.25474,-2.50723,-0.01110,0.50847,0.03569,0.00000,
0.56,1,2.18451,-2.50021,0.00008,0.49882,0.05742,0.07025,0.02973
0.56,2,1.10590,-2.50000,-0.00009,0.16451,-0.00135,0.07862,0.02410
0.58,0,3.26476,-2.50734,-0.01039,0.49651,0.03486,0.00000,
0.58,1,2.19435,-2.50021,0.00075,0.44705,0.00497,0.07044,0.03976
0.58,2,1.10913,-2.50001,-0.00013,0.18376,-0.00292,0.08522,0.03393
0.6,0,3.27466,-2.50744,-0.00971,0.49559,0.03344,0.00000,
0.6,1,2.20157,-2.50019,0.00057,0.35604,-0.00513,0.07312,0.04966
0.6,2,1.11395,-2.50001,-0.00014,0.25532,0.00129,0.08761,0.04116
0.62,0,3.28461,-2.50754,-0.00905,0.49883,0.03226,0.00000,
0.62,1,2.20810,-2.50011,0.00469,0.29830,0.43543,0.07654,0.00995
0.62,2,1.11996,-2.50000,-0.00038,0.33010,-0.04550,0.08814,0.00293
0.64,0,3.29460,-2.50763,-0.00842,0.50000,0.03127,0.00000,
0.64,1,2.21494,-2.49991,0.01314,0.39355,0.23320,0.07969,0.01994
0.64,2,1.12663,-2.50004,-0.00101,0.33725,-0.01105,0.08831,0.00977
0.66,0,3.30460,-2.50771,-0.00780,0.49938,0.03027,0.00000,
0.66,1,2.22355,-2.49981,0.01274,0.41497,-0.15207,0.08107,0.02994
0.66,2,1.13341,-2.50003,-0.00091,0.33831,0.01088,0.09015,0.01838
0.68,0,3.31458,-2.50779,-0.00721,0.49886,0.02926,0.00000,
0.68,1,2.23280,-2.49971,0.01012,0.49910,-0.08164,0.08181,0.03992
0.68,2,1.14009,-2.50002,-0.00076,0.33027,0.00334,0.09271,0.02762
0.7,0,3.32456,-2.50786,-0.00664,0.49891,0.02830,0.00000,
0.7,1,2.24280,-2.49960,0.00947,0.48825,-0.01051,0.08179,0.04989
0.7,2,1.14661,-2.50002,-0.00076,0.32295,-0.00088,0.09619,0.03762
0.72,0,3.33454,-2.50793,-0.00608,0.49907,0.02737,0.00000,
0.72,1,2.25209,-2.49950,0.00913,0.44830,-0.02710,0.08247,0.05987
0.72,2,1.15302,-2.50003,-0.00076,0.31863,0.00083,0.09908,0.04692
0.74,0,3.34452,-2.50799,-0.00554,0.49910,0.02648,0.00000,
0.74,1,2.26373,-2.49942,0.00835,0.71240,-0.04609,0.08082,0.01996
0.74,2,1.16035,-2.50003,-0.00071,0.55524,0.00752,0.10338,0.01618
0.76,0,3.35420,-2.50804,-0.00503,0.46324,0.02472,0.00000,
0.76,1,2.27656,-2.49933,0.00732,0.60712,-0.05411,0.07768,0.02965
0.76,2,1.17066,-2.50004,-0.00055,0.43743,0.00842,0.10590,0.02902
0.78,0,3.36359,-2.50809,-0.00453,0.47434,0.02541,0.00000,
0.78,1,2.28836,-2.49925,0.00641,0.56100,-0.03331,0.07527,0.03904
0.78,2,1.17915,-2.50004,-0.00038,0.42450,0.00855,0.10921,0.04082
0.8,0,3.37313,-2.50814,-0.00403,0.47786,0.02387,0.00000,
0.8,1,2.29632,-2.49918,0.00595,0.36931,-0.02208,0.07685,0.04858
0.8,2,1.18781,-2.50011,-0.00049,0.44743,-0.01511,0.10852,0.04878
0.82,0,3.38248,-2.50817,-0.00356,0.45696,0.02382,0.00000,
0.82,1,2.30386,-2.49913,0.00549,0.38910,-0.02513,0.07866,0.00934
0.82,2,1.19662,-2.50010,-0.00071,0.40779,-0.00620,0.10724,0.05631
0.84,0,3.39226,-2.50821,-0.00311,0.50916,0.02192,0.00000,
0.84,1,2.31369,-2.49907,0.00491,0.49902,-0.03146,0.07861,0.01913
0.84,2,1.20359,-2.50008,-0.00071,0.28012,0.00347,0.11009,0.01366
0.86,0,3.40255,-2.50824,-0.00268,0.51310,0.02155,0.00000,
0.86,1,2.32366,-2.49902,0.00428,0.49731,-0.02965,0.07893,0.02942
0.86,2,1.20946,-2.50006,-0.00062,0.31175,0.00455,0.11420,0.02363
0.88,0,3.41266,-2.50827,-0.00225,0.49889,0.02113,0.00000,
0.88,1,2.33335,-2.49898,0.00378,0.47120,-0.02283,0.07935,0.03952
0.88,2,1.21679,-2.50006,-0.00054,0.39814,0.00307,0.11656,0.03331
0.9,0,3.42256,-2.50829,-0.00183,0.49378,0.02038,0.00000,
0.9,1,2.34158,-2.49895,0.00333,0.36578,-0.02324,0.08102,0.04942
0.9,2,1.22481,-2.50006,-0.00049,0.39255,0.00237,0.11677,0.04155
0.92,0,3.43246,-2.50831,-0.00143,0.49652,0.01966,0.00000,
0.92,1,2.34944,-2.49892,0.00281,0.48040,-0.02639,0.08306,0.00990
0.92,2,1.23205,-2.50006,-0.00044,0.38418,0.00266,0.11739,0.04941
0.94,0,3.44242,-2.50832,-0.00105,0.49878,0.01906,0.00000,
0.94,1,2.35554,-2.49889,0.00216,0.28805,-0.03320,0.08692,0.01986
0.94,2,1.24093,-2.50007,-0.00038,0.59746,0.00442,0.11460,0.01020
0.96,0,3.45240,-2.50833,-0.00067,0.49860,0.01847,0.00000,
0.96,1,2.36161,-2.49887,0.00155,0.34233,-0.02464,0.09082,0.02984
0.96,2,1.25364,-2.50007,-0.00028,0.60148,0.00526,0.10797,0.01627
0.98,0,3.46236,-2.50834,-0.00031,0.49789,0.01788,0.00000,
0.98,1,2.36956,-2.49886,0.00114,0.44072,-0.01907,0.09284,0.03980
0.98,2,1.26543,-2.50008,-0.00017,0.54534,0.00465,0.10413,0.02422
1.0,0,3.47231,-2.50834,0.00004,0.49775,0.01730,0.00000,
1.0,1,2.37931,-2.49885,0.00076,0.50173,-0.01947,0.09305,0.04976
1.0,2,1.27513,-2.50008,-0.00011,0.35618,0.00252,0.10418,0.03397
1.02,0,3.48227,-2.50834,0.00038,0.49792,0.01676,0.00000,
1.02,1,2.39008,-2.49885,0.00037,0.67172,-0.01822,0.09224,0.00996
1.02,2,1.28161,-2.50008,-0.00006,0.39960,0.00234,0.10847,0.00572
1.04,0,3.49223,-2.50834,0.00071,0.49801,0.01623,0.00000,
1.04,1,2.40345,-2.49884,0.00001,0.66868,-0.01791,0.08882,0.01992
1.04,2,1.29132,-2.50008,0.00002,0.45007,0.00459,0.11213,0.01910
1.06,0,3.50219,-2.50833,0.00103,0.49798,0.01572,0.00000,
1.06,1,2.41651,-2.49884,-0.00034,0.59817,-0.01612,0.08572,0.02988
1.06,2,1.29984,-2.50009,0.00011,0.43462,0.00395,0.11667,0.03215
1.08,0,3.51215,-2.50832,0.00134,0.49795,0.01522,0.00000,
1.08,1,2.42687,-2.49884,-0.00066,0.38087,-0.01603,0.08532,0.03984
1.08,2,1.30940,-2.50009,0.00016,0.51178,0.00165,0.11748,0.04252
1.1,0,3.52211,-2.50831,0.00164,0.49795,0.01474,0.00000,
1.1,1,2.43471,-2.49885,-0.00113,0.39892,-0.02429,0.08744,0.04979
1.1,2,1.31943,-2.50008,0.00019,0.49598,0.00170,0.11529,0.05036
1.12,0,3.53207,-2.50829,0.00193,0.49796,0.01428,0.00000,
1.12,1,2.44294,-2.49886,-0.00135,0.42124,-0.00682,0.08917,0.05975
1.12,2,1.32922,-2.50008,0.00023,0.48138,0.00211,0.11372,0.05859
1.14,0,3.54195,-2.50827,0.00221,0.45995,0.01483,0.00000,
1.14,1,2.45352,-2.49887,-0.00149,0.57893,-0.00653,0.08847,0.01984
1.14,2,1.33787,-2.50008,0.00027,0.34908,0.00119,0.11565,0.01475
1.16,0,3.55126,-2.50825,0.00249,0.47046,0.01353,0.00000,
1.16,1,2.46445,-2.49888,-0.00161,0.51585,-0.00562,0.08685,0.02915
1.16,2,1.34350,-2.50008,0.00029,0.27359,0.00150,0.12095,0.02568
1.18,0,3.56075,-2.50823,0.00275,0.47680,0.01261,0.00000,
1.18,1,2.47475,-2.49890,-0.00175,0.51266,-0.01009,0.08604,0.03864
1.18,2,1.35046,-2.50008,0.00033,0.39775,0.00171,0.12429,0.03598
1.2,0,3.57018,-2.50820,0.00300,0.44277,0.01176,0.00000,
1.2,1,2.48337,-2.49891,-0.00206,0.37869,-0.01754,0.08685,0.04807
1.2,2,1.35810,-2.50007,0.00036,0.37649,0.00154,0.12527,0.04460
1.22,0,3.57973,-2.50817,0.00324,0.50197,0.01233,0.00000,
1.22,1,2.49160,-2.49893,-0.00226,0.43296,-0.00666,0.08817,0.00955
1.22,2,1.36692,-2.50007,0.00039,0.47327,0.00160,0.12468,0.05283
1.24,0,3.58998,-2.50814,0.00348,0.51447,0.01197,0.00000,
1.24,1,2.49978,-2.49895,-0.00243,0.41043,-0.01065,0.09024,0.01981
1.24,2,1.37742,-2.50007,0.00041,0.66135,0.00024,0.12237,0.01244
1.26,0,3.60013,-2.50810,0.00372,0.50060,0.01141,0.00000,
1.26,1,2.50905,-2.49897,-0.00269,0.48881,-0.01374,0.09111,0.02995
1.26,2,1.39030,-2.50006,0.00041,0.63625,-0.00013,0.11876,0.02171
1.28,0,3.61004,-2.50807,0.00394,0.49307,0.01105,0.00000,
1.28,1,2.51867,-2.49899,-0.00295,0.46554,-0.01279,0.09140,0.03986
1.28,2,1.40194,-2.50006,0.00042,0.55356,0.00073,0.11674,0.03133
1.3,0,3.61991,-2.50803,0.00416,0.49504,0.01075,0.00000,
1.3,1,2.52749,-2.49902,-0.00320,0.39418,-0.01288,0.09246,0.04974
1.3,2,1.41040,-2.50005,0.00045,0.31536,0.00201,0.11709,0.04014
1.32,0,3.62985,-2.50799,0.00437,0.49779,0.01044,0.00000,
1.32,1,2.53512,-2.49904,-0.00343,0.42625,-0.00917,0.09476,0.00993
1.32,2,1.41671,-2.50005,0.00049,0.31677,0.00193,0.11842,0.04778
1.34,0,3.63981,-2.50794,0.00458,0.49797,0.01012,0.00000,
1.34,1,2.54236,-2.49907,-0.00356,0.36944,-0.00637,0.09748,0.01990
1.34,2,1.42376,-2.50004,0.00049,0.37749,-0.00134,0.11860,0.01124
1.36,0,3.64976,-2.50790,0.00477,0.49722,0.00981,0.00000,
1.36,1,2.55077,-2.49910,-0.00373,0.45762,-0.00980,0.09903,0.02985
1.36,2,1.43167,-2.50004,0.00047,0.44561,-0.00009,0.11910,0.01964
1.38,0,3.65970,-2.50785,0.00497,0.49696,0.00952,0.00000,
1.38,1,2.55976,-2.49913,-0.00392,0.46265,-0.00973,0.09998,0.03979
1.38,2,1.44094,-2.50003,0.00049,0.45836,0.00146,0.11882,0.02863
1.4,0,3.66964,-2.50780,0.00515,0.49711,0.00923,0.00000,
1.4,1,2.56985,-2.49917,-0.00412,0.52018,-0.00966,0.09983,0.04973
1.4,2,1.44955,-2.50003,0.00052,0.40833,0.00108,0.12030,0.03873
1.42,0,3.67958,-2.50775,0.00534,0.49723,0.00896,0.00000,
1.42,1,2.57997,-2.49921,-0.00430,0.48812,-0.00882,0.09965,0.00994
1.42,2,1.45883,-2.50003,0.00053,0.64207,-0.00130,0.12113,0.00497
1.44,0,3.68953,-2.50770,0.00551,0.49721,0.00869,0.00000,
1.44,1,2.59384,-2.49926,-0.00433,0.71364,0.00132,0.09573,0.01989
1.44,2,1.47202,-2.50002,0.00049,0.59170,-0.00209,0.12181,0.01884
1.46,0,3.69947,-2.50764,0.00568,0.49718,0.00844,0.00000,
1.46,1,2.60673,-2.49930,-0.00425,0.63304,0.00336,0.09278,0.02983
1.46,2,1.48345,-2.50002,0.00045,0.56961,-0.00119,0.12327,0.03173
1.48,0,3.70942,-2.50759,0.00585,0.49717,0.00819,0.00000,
1.48,1,2.61776,-2.49936,-0.00432,0.40742,-0.01096,0.09169,0.03978
1.48,2,1.49396,-2.50001,0.00046,0.43870,0.00105,0.12380,0.04276
1.5,0,3.71936,-2.50753,0.00601,0.49718,0.00795,0.00000,
1.5,1,2.62538,-2.49942,-0.00456,0.38168,-0.01615,0.09401,0.04972
1.5,2,1.50309,-2.50000,0.00048,0.47271,0.00074,0.12230,0.05038
1.52,0,3.72930,-2.50747,0.00617,0.49718,0.00772,0.00000,
1.52,1,2.63332,-2.49948,-0.00501,0.41243,-0.01872,0.09601,0.05966
1.52,2,1.51273,-2.50000,0.00049,0.48433,0.00045,0.12059,0.05832
1.54,0,3.73925,-2.50741,0.00632,0.49718,0.00749,0.00000,
1.54,1,2.64383,-2.49951,-0.00502,0.58896,0.00775,0.09545,0.01989
1.54,2,1.51954,-2.49999,0.00045,0.23457,-0.00271,0.12429,0.01456
1.56,0,3.74919,-2.50734,0.00647,0.49718,0.00728,0.00000,
1.56,1,2.65505,-2.49953,-0.00484,0.52142,0.01130,0.09416,0.02983
1.56,2,1.52483,-2.49999,0.00043,0.27411,-0.00016,0.13022,0.02579
1.58,0,3.75913,-2.50728,0.00661,0.49718,0.00707,0.00000,
1.58,1,2.66546,-2.49962,-0.00465,0.51787,0.00603,0.09370,0.03977
1.58,2,1.53068,-2.49991,-0.00003,0.31622,0.06856,0.13478,0.03620
1.6,0,3.76908,-2.50721,0.00675,0.49718,0.00687,0.00000,
1.6,1,2.67519,-2.49968,-0.00472,0.39413,-0.01174,0.09391,0.04972
1.6,2,1.53790,-2.49990,0.00145,0.39056,0.04589,0.13729,0.04593
1.62,0,3.77902,-2.50715,0.00688,0.49718,0.00667,0.00000,
1.62,1,2.68495,-2.49971,-0.00445,0.64178,0.18027,0.09409,0.00994
1.62,2,1.54531,-2.49992,0.00177,0.41432,0.00022,0.13964,0.05569
1.64,0,3.78841,-2.50708,0.00704,0.46629,0.00709,0.00000,
1.64,1,2.69667,-2.49974,-0.00077,0.50441,0.18987,0.09176,0.01933
1.64,2,1.55326,-2.49992,0.00189,0.37225,0.00744,0.14341,0.01748
1.66,0,3.79784,-2.50701,0.00716,0.47525,0.00552,0.00000,
1.66,1,2.70690,-2.49999,0.00128,0.51962,0.01619,0.09097,0.02877
1.66,2,1.56054,-2.49984,0.00237,0.31591,0.03045,0.14636,0.02770
1.68,0,3.80736,-2.50694,0.00727,0.47544,0.00580,0.00000,
1.68,1,2.71560,-2.50029,0.00135,0.36451,0.08393,0.09179,0.03829
1.68,2,1.56765,-2.49980,0.00244,0.40030,-0.01557,0.14794,0.03640
1.7,0,3.81671,-2.50687,0.00738,0.49267,0.00619,0.00000,
1.7,1,2.72314,-2.50010,0.00493,0.36263,0.16443,0.09359,0.04763
1.7,2,1.57511,-2.49980,0.00152,0.38735,-0.10606,0.14803,0.04394
1.72,0,3.82689,-2.50680,0.00751,0.51494,0.00635,0.00000,
1.72,1,2.73123,-2.49995,0.00581,0.46807,-0.03974,0.09569,0.05782
1.72,2,1.58311,-2.49972,0.00067,0.41905,0.01325,0.14811,0.05203
1.74,0,3.83708,-2.50672,0.00762,0.50284,0.00556,0.00000,
1.74,1,2.74328,-2.49987,0.00445,0.62139,-0.07450,0.09382,0.02037
1.74,2,1.59278,-2.49971,0.00121,0.61080,0.01937,0.15050,0.01647
1.76,0,3.84701,-2.50665,0.00773,0.49294,0.00532,0.00000,
1.76,1,2.75571,-2.49979,0.00296,0.62139,-0.07448,0.09132,0.03030
1.76,2,1.60513,-2.49969,0.00126,0.59818,-0.00730,0.15058,0.02889
1.78,0,3.85686,-2.50657,0.00784,0.49374,0.00531,0.00000,
1.78,1,2.76762,-2.49977,0.00243,0.55549,0.00296,0.08927,0.04016
1.78,2,1.61647,-2.49969,0.00177,0.52711,0.02840,0.15115,0.04080
1.8,0,3.86677,-2.50649,0.00794,0.49685,0.00519,0.00000,
1.8,1,2.77642,-2.49973,0.00252,0.37622,-0.00019,0.09037,0.05007
1.8,2,1.62546,-2.49967,0.00197,0.33144,0.00093,0.15096,0.04961
1.82,0,3.87672,-2.50641,0.00805,0.49748,0.00503,0.00000,
1.82,1,2.78517,-2.49968,0.00227,0.59930,-0.01397,0.09157,0.00995
1.82,2,1.63175,-2.49964,0.00195,0.31900,-0.00141,0.15342,0.05836
1.84,0,3.88666,-2.50633,0.00814,0.49675,0.00489,0.00000,
1.84,1,2.79618,-2.49963,0.00616,0.51718,0.19483,0.09050,0.01989
1.84,2,1.64202,-2.49962,0.00193,0.57729,-0.00244,0.15416,0.01588
1.86,0,3.89659,-2.50625,0.00824,0.49636,0.00477,0.00000,
1.86,1,2.80645,-2.49987,0.00943,0.48784,0.12204,0.09016,0.02982
1.86,2,1.65220,-2.49960,0.00185,0.49911,-0.00375,0.15426,0.02615
1.88,0,3.90652,-2.50617,0.00833,0.49647,0.00465,0.00000,
1.88,1,2.81667,-2.49995,0.00983,0.52208,-0.05548,0.08987,0.03975
1.88,2,1.66218,-2.49959,0.00177,0.49828,-0.00337,0.15449,0.03637
1.9,0,3.91645,-2.50609,0.00843,0.49661,0.00453,0.00000,
1.9,1,2.82523,-2.49982,0.00857,0.42889,-0.05860,0.09123,0.04968
1.9,2,1.67092,-2.49958,0.00174,0.38668,-0.00133,0.15431,0.04493
1.92,0,3.92638,-2.50601,0.00852,0.49662,0.00441,0.00000,
1.92,1,2.83655,-2.49966,0.01191,0.59819,0.40767,0.08985,0.00993
1.92,2,1.67898,-2.49957,0.00168,0.41320,-0.00348,0.15758,0.05625
1.94,0,3.93631,-2.50592,0.00860,0.49658,0.00430,0.00000,
1.94,1,2.84730,-2.49960,0.01631,0.54229,0.03030,0.08904,0.01986
1.94,2,1.68974,-2.49956,0.00153,0.64684,-0.01150,0.15756,0.01699
1.96,0,3.94624,-2.50584,0.00869,0.49656,0.00420,0.00000,
1.96,1,2.85822,-2.49975,0.01548,0.54017,-0.06779,0.08804,0.02980
1.96,2,1.70179,-2.49954,0.00129,0.59511,-0.01232,0.15644,0.02792
1.98,0,3.95618,-2.50575,0.00877,0.49657,0.00409,0.00000,
1.98,1,2.86739,-2.49959,0.01435,0.41420,-0.04317,0.08881,0.03973
1.98,2,1.71281,-2.49953,0.00103,0.52995,-0.01336,0.15458,0.03709
2.0,0,3.96611,-2.50566,0.00885,0.49658,0.00399,0.00000,
2.0,1,2.87594,-2.49937,0.01349,0.43772,-0.04363,0.09019,0.04966
2.0,2,1.72398,-2.49951,0.00088,0.53429,-0.00324,0.15196,0.04564
2.02,0,3.97604,-2.50557,0.00893,0.49658,0.00390,0.00000,
2.02,1,2.88481,-2.49919,0.01257,0.47015,-0.04656,0.09125,0.00993
2.02,2,1.73482,-2.49950,0.00084,0.57013,-0.00167,0.14999,0.00446
2.04,0,3.98597,-2.50549,0.00901,0.49658,0.00381,0.00000,
2.04,1,2.89652,-2.49903,0.01163,0.58889,-0.04811,0.08947,0.01986
2.04,2,1.74453,-2.49948,0.00079,0.48537,-0.00288,0.15199,0.01618
2.06,0,3.99590,-2.50540,0.00908,0.49658,0.00372,0.00000,
2.06,1,2.90728,-2.49891,0.01056,0.52599,-0.05213,0.08864,0.02979
2.06,2,1.75387,-2.49951,0.00072,0.44110,-0.00341,0.15341,0.02694
2.08,0,4.00583,-2.50531,0.00916,0.49658,0.00364,0.00000,
2.08,1,2.91747,-2.49889,0.00987,0.43308,-0.01734,0.08838,0.03973
2.08,2,1.76391,-2.49950,0.00068,0.47664,-0.00264,0.15356,0.03712
2.1,0,4.01576,-2.50521,0.00923,0.49658,0.00356,0.00000,
2.1,1,2.92528,-2.49879,0.00958,0.40807,-0.02347,0.09050,0.04966
2.1,2,1.77377,-2.49946,0.00060,0.49489,-0.00419,0.15151,0.04494
2.12,0,4.02569,-2.50512,0.00930,0.49658,0.00348,0.00000,
2.12,1,2.93379,-2.49867,0.00886,0.43315,-0.04089,0.09192,0.05959
2.12,2,1.78340,-2.49944,0.00053,0.46892,-0.00306,0.15040,0.05345
2.14,0,4.03562,-2.50503,0.00937,0.49658,0.00340,0.00000,
2.14,1,2.94368,-2.49858,0.00806,0.56124,-0.03670,0.09196,0.01986
2.14,2,1.79418,-2.49942,0.00054,0.65025,0.00359,0.14950,0.01420
2.16,0,4.04556,-2.50494,0.00943,0.49658,0.00333,0.00000,
2.16,1,2.95455,-2.49850,0.00716,0.50981,-0.07185,0.09102,0.02979
2.16,2,1.80628,-2.49942,0.00063,0.59998,0.01954,0.14827,0.02507
2.18,0,4.05549,-2.50484,0.00950,0.49658,0.00326,0.00000,
2.18,1,2.96508,-2.49845,0.00583,0.53217,-0.04664,0.09042,0.03973
2.18,2,1.81756,-2.49942,0.00116,0.52899,0.01671,0.14752,0.03561
2.2,0,4.06542,-2.50475,0.00956,0.49658,0.00320,0.00000,
2.2,1,2.97385,-2.49840,0.00534,0.42322,-0.01641,0.09158,0.04966
2.2,2,1.82659,-2.49940,0.00123,0.35907,-0.00022,0.14727,0.04437
2.22,0,4.07535,-2.50465,0.00963,0.49658,0.00313,0.00000,
2.22,1,2.98255,-2.49836,0.00497,0.44171,-0.02203,0.09281,0.05959
2.22,2,1.83454,-2.49938,0.00146,0.52551,0.00556,0.14802,0.00440
2.24,0,4.08485,-2.50456,0.00972,0.46339,0.00457,0.00000,
2.24,1,2.99427,-2.49831,0.00397,0.61910,-0.11827,0.09060,0.01943
2.24,2,1.84537,-2.49938,0.00200,0.46793,0.12099,0.14890,0.01611
2.26,0,4.09424,-2.50447,0.00978,0.47365,0.00194,0.00000,
2.26,1,3.00553,-2.49827,0.00158,0.55786,-0.12162,0.08873,0.02883
2.26,2,1.85470,-2.49941,0.00210,0.49618,-0.07618,0.15083,0.02738
2.28,0,4.10375,-2.50437,0.00982,0.47534,0.00241,0.00000,
2.28,1,3.01645,-2.49803,-0.00086,0.49049,-0.09927,0.08731,0.03833
2.28,2,1.86409,-2.49941,0.00076,0.43538,-0.04013,0.15236,0.03830
2.3,0,4.11305,-2.50428,0.00985,0.48717,0.00299,0.00000,
2.3,1,3.02405,-2.49798,-0.00257,0.37627,-0.08387,0.08901,0.04763
2.3,2,1.87290,-2.49940,0.00051,0.44366,-0.00825,0.15116,0.04590
2.32,0,4.12318,-2.50418,0.00992,0.51452,0.00371,0.00000,
2.32,1,3.03329,-2.49813,-0.00620,0.48604,-0.29637,0.08991,0.01013
2.32,2,1.88182,-2.49940,0.00049,0.44610,0.00321,0.15147,0.05514
2.34,0,4.13338,-2.50408,0.00999,0.50385,0.00276,0.00000,
2.34,1,3.04299,-2.49819,-0.01179,0.46938,-0.22539,0.09040,0.02034
2.34,2,1.89073,-2.49939,0.00056,0.50175,0.00411,0.15226,0.01458
2.36,0,4.14332,-2.50398,0.01004,0.49286,0.00252,0.00000,
2.36,1,3.05230,-2.49794,-0.01098,0.48964,0.18235,0.09103,0.03027
2.36,2,1.90016,-2.49938,0.00066,0.46504,0.00389,0.15214,0.02389
2.38,0,4.15316,-2.50388,0.01009,0.49293,0.00267,0.00000,
2.38,1,3.06205,-2.49802,-0.00809,0.43643,0.08181,0.09113,0.04012
2.38,2,1.91016,-2.49938,0.00070,0.51377,0.00031,0.15189,0.03363
2.4,0,4.16306,-2.50378,0.01014,0.49616,0.00268,0.00000,
2.4,1,3.07088,-2.49816,-0.00775,0.44504,-0.01771,0.09219,0.05001
2.4,2,1.92102,-2.49937,0.00070,0.55380,0.00049,0.14987,0.04247
2.42,0,4.17300,-2.50368,0.01020,0.49704,0.00261,0.00000,
2.42,1,3.08308,-2.49830,-0.00942,0.66492,-0.17337,0.08993,0.00994
2.42,2,1.93266,-2.49936,0.00071,0.68750,-0.00098,0.15042,0.00690
2.44,0,4.18293,-2.50358,0.01025,0.49633,0.00257,0.00000,
2.44,1,3.09501,-2.49842,-0.01280,0.58886,-0.18163,0.08793,0.01987
2.44,2,1.94694,-2.49935,0.00068,0.67867,-0.00191,0.14807,0.01883
2.46,0,4.19285,-2.50348,0.01030,0.49588,0.00255,0.00000,
2.46,1,3.10657,-2.49817,-0.01741,0.56117,-0.21592,0.08629,0.02979
2.46,2,1.96052,-2.49935,0.00065,0.67909,-0.00121,0.14605,0.03039
2.48,0,4.20230,-2.50339,0.01090,0.34968,0.27794,0.00000,
2.48,1,3.11614,-2.49827,-0.01922,0.37773,-0.03882,0.08617,0.03924
2.48,2,1.97406,-2.49934,0.00065,0.67340,0.00074,0.14209,0.03996
2.5,0,4.20657,-2.50371,0.02423,0.14903,0.60275,0.00000,
2.5,1,3.12407,-2.49853,-0.01906,0.41439,0.03305,0.08251,0.04351
2.5,2,1.98606,-2.49933,0.00067,0.58336,0.00116,0.13801,0.04789
2.52,0,4.20840,-2.50436,0.03457,0.06256,0.47889,0.00000,
2.52,1,3.13153,-2.49879,-0.01842,0.34007,-0.19827,0.07689,0.00195
2.52,2,1.99773,-2.49932,0.00066,0.62001,-0.00452,0.13380,0.00324
2.54,0,4.20957,-2.50509,0.04410,0.03858,0.49513,0.00000,
2.54,1,3.13829,-2.49895,-0.02280,0.33062,-0.28499,0.07130,0.00330
2.54,2,2.00996,-2.49931,0.00058,0.58501,-0.00296,0.12832,0.00999
2.56,0,4.21060,-2.50519,0.05658,0.02265,1.29726,0.00000,
2.56,1,3.14441,-2.49876,-0.02981,0.27452,-0.25496,0.06621,0.00430
2.56,2,2.02025,-2.49930,0.00056,0.48425,-0.00019,0.12416,0.01611
2.58,0,4.21108,-2.50432,0.09079,0.03980,1.83203,0.00000,
2.58,1,3.14767,-2.49885,-0.03069,0.10518,0.09460,0.06342,0.00455
2.58,2,2.02939,-2.49929,0.00057,0.37580,0.00093,0.11827,0.01937
2.6,0,4.21190,-2.50322,0.12776,0.06841,1.86962,0.00000,
2.6,1,3.15022,-2.49899,-0.02796,0.14570,0.12325,0.06169,0.00535
2.6,2,2.03672,-2.49929,0.00058,0.37375,0.00045,0.11350,0.02192
2.62,0,4.21448,-2.50252,0.16348,0.18597,1.80264,0.00000,
2.62,1,3.15175,-2.49913,-0.02628,-0.10725,0.07388,0.06273,0.00267
2.62,2,2.04458,-2.49928,0.00058,0.40792,-0.00010,0.10717,0.02346
2.64,0,4.21905,-2.50165,0.20143,0.26477,1.96085,0.00000,
2.64,1,3.14902,-2.49925,-0.02433,-0.12144,0.09560,0.07003,0.00732
2.64,2,2.04908,-2.49928,0.00053,0.10021,-0.00489,0.09994,0.00271
2.66,0,4.22460,-2.50049,0.24103,0.27927,1.95652,0.00000,
2.66,1,3.14791,-2.49933,-0.02302,-0.00327,0.04054,0.07669,0.01299
2.66,2,2.05022,-2.49927,0.00045,0.01285,-0.00292,0.09769,0.00382
2.68,0,4.23043,-2.49905,0.27993,0.31177,1.93057,0.00000,
2.68,1,3.14915,-2.49937,-0.02241,0.10214,0.02885,0.08128,0.01899
2.68,2,2.04977,-2.49926,0.00040,-0.04717,-0.00268,0.09937,0.00259
2.7,0,4.23651,-2.49732,0.31826,0.31704,1.90924,0.00000,
2.7,1,3.15092,-2.49941,-0.02167,0.07336,0.04379,0.08559,0.02530
2.7,2,2.04968,-2.49926,0.00036,0.06198,-0.00159,0.10124,0.00087
2.72,0,4.24256,-2.49535,0.35646,0.32007,1.91350,0.00000,
2.72,1,3.15289,-2.49945,-0.02080,0.13020,0.03909,0.08968,0.00637
2.72,2,2.05169,-2.49926,0.00035,0.11718,-0.00034,0.10121,0.00123
2.74,0,4.24866,-2.49310,0.39486,0.32985,1.92391,0.00000,
2.74,1,3.15789,-2.49953,-0.01942,0.22355,0.06871,0.09079,0.01286
2.74,2,2.05429,-2.49927,0.00034,0.12556,-0.00027,0.10359,0.00613
2.76,0,4.25489,-2.49054,0.43338,0.34222,1.92678,0.00000,
2.76,1,3.16252,-2.49956,-0.01634,0.27770,0.17388,0.09241,0.01959
2.76,2,2.05698,-2.49927,0.00034,0.15172,-0.00055,0.10554,0.01076
2.78,0,4.26114,-2.48766,0.47150,0.35692,1.91855,0.00000,
2.78,1,3.16916,-2.49968,-0.01444,0.36040,0.03416,0.09205,0.02646
2.78,2,2.06051,-2.49927,0.00032,0.19147,-0.00104,0.10864,0.01740
2.8,0,4.26776,-2.48431,0.51011,0.37871,1.93370,0.00000,
2.8,1,3.17621,-2.49979,-0.01426,0.36210,0.00465,0.09166,0.03385
2.8,2,2.06436,-2.49926,0.00030,0.18810,-0.00106,0.11185,0.02445
2.82,0,4.27440,-2.48059,0.54818,0.39410,1.92611,0.00000,
2.82,1,3.18348,-2.49990,-0.01385,0.43136,0.03136,0.09110,0.00761
2.82,2,2.06794,-2.49926,0.00028,0.17273,-0.00090,0.11553,0.03172
2.84,0,4.28130,-2.47641,0.58686,0.40828,1.93420,0.00000,
2.84,1,3.18893,-2.50000,-0.01272,0.24180,-0.03802,0.09262,0.01568
2.84,2,2.07240,-2.49926,0.00025,0.32065,-0.00505,0.11653,0.00913
2.86,0,4.28817,-2.47189,0.62544,0.41282,1.92481,0.00000,
2.86,1,3.19319,-2.50007,-0.01331,0.20885,-0.01762,0.09534,0.02389
2.86,2,2.07880,-2.49926,0.00013,0.30819,-0.00430,0.11439,0.01338
2.88,0,4.29486,-2.46705,0.66317,0.42650,1.91974,0.00000,
2.88,1,3.19891,-2.50018,-0.01286,0.30017,0.05114,0.09645,0.03213
2.88,2,2.08511,-2.49926,0.00008,0.37648,-0.00131,0.11380,0.01911
2.9,0,4.30177,-2.46169,0.70188,0.44331,1.93977,0.00000,
2.9,1,3.20445,-2.50028,-0.01485,0.27539,-0.09060,0.09800,0.04085
2.9,2,2.09376,-2.49926,0.00006,0.45190,-0.00092,0.11068,0.02464
2.92,0,4.30862,-2.45595,0.74056,0.44843,1.92782,0.00000,
2.92,1,3.21077,-2.50022,-0.01224,0.35654,0.20495,0.09874,0.04974
2.92,2,2.10239,-2.49926,0.00004,0.40761,-0.00114,0.10838,0.03097
2.94,0,4.31529,-2.44990,0.77902,0.45190,1.92120,0.00000,
2.94,1,3.21841,-2.50032,-0.00723,0.33031,0.33124,0.09804,0.01794
2.94,2,2.10998,-2.49926,0.00001,0.34115,-0.00410,0.10843,0.01102
2.96,0,4.32180,-2.44354,0.81746,0.45740,1.92257,0.00000,
2.96,1,3.22507,-2.50038,-0.00266,0.36530,0.12133,0.09820,0.02703
2.96,2,2.11580,-2.49926,-0.00011,0.23233,-0.00576,0.10927,0.01768
2.98,0,4.32807,-2.43682,0.85491,0.47259,1.92039,0.00000,
2.98,1,3.23340,-2.50040,-0.00169,0.44761,0.02513,0.09652,0.03619
2.98,2,2.12077,-2.49926,-0.00019,0.29103,-0.00177,0.11263,0.02601
3.0,0,4.33442,-2.42956,0.89253,0.48710,1.71105,0.00000,
3.0,1,3.24243,-2.50041,-0.00075,0.44394,0.06888,0.09429,0.04580
3.0,2,2.12696,-2.49926,-0.00020,0.28611,-0.00040,0.11546,0.03504
3.02,0,4.34053,-2.42205,0.91969,0.47816,1.13750,0.00000,
3.02,1,3.25080,-2.50042,0.00092,0.42536,0.08805,0.09255,0.00968
3.02,2,2.13322,-2.49926,-0.00022,0.36322,-0.00133,0.11758,0.04341
3.04,0,4.34622,-2.41462,0.94152,0.46021,1.11538,0.00000,
3.04,1,3.25828,-2.50048,0.00440,0.33130,0.06054,0.09131,0.01904
3.04,2,2.14175,-2.49927,-0.00026,0.44397,-0.00409,0.11653,0.01168
3.06,0,4.35162,-2.40722,0.96495,0.45914,1.19716,0.00000,
3.06,1,3.26480,-2.50052,0.00576,0.31109,0.07985,0.09081,0.02819
3.06,2,2.15026,-2.49927,-0.00034,0.40438,-0.00268,0.11454,0.01820
3.08,0,4.35691,-2.39960,0.98837,0.46812,1.13486,0.00000,
3.08,1,3.27261,-2.50052,0.00775,0.44161,0.11146,0.08899,0.03747
3.08,2,2.15869,-2.49927,-0.00037,0.43486,-0.00086,0.11392,0.02601
3.1,0,4.36211,-2.39174,1.01015,0.47224,1.05941,0.00000,
3.1,1,3.28090,-2.50051,0.00972,0.42916,-0.02737,0.08667,0.04687
3.1,2,2.16749,-2.49927,-0.00039,0.43942,-0.00113,0.11341,0.03430
3.12,0,4.36714,-2.38375,1.03095,0.47173,1.02675,0.00000,
3.12,1,3.28973,-2.50039,0.01086,0.45671,0.12446,0.08371,0.00944
3.12,2,2.17746,-2.49928,-0.00041,0.64353,-0.00120,0.11227,0.00449
3.14,0,4.37200,-2.37567,1.05116,0.47189,0.99562,0.00000,
3.14,1,3.30072,-2.50023,0.02294,0.57670,0.65309,0.07850,0.01887
3.14,2,2.19042,-2.49928,-0.00044,0.64770,-0.00108,0.11030,0.01548
3.16,0,4.37671,-2.36747,1.07064,0.47343,0.95656,0.00000,
3.16,1,3.31146,-2.50001,0.03038,0.49498,0.15534,0.07346,0.02833
3.16,2,2.20288,-2.49928,-0.00046,0.55813,-0.00073,0.10858,0.02622
3.18,0,4.38126,-2.35915,1.08936,0.47494,0.91940,0.00000,
3.18,1,3.32058,-2.49976,0.03155,0.43648,0.04645,0.06996,0.03781
3.18,2,2.21336,-2.49929,-0.00048,0.40310,-0.00182,0.10722,0.03535
3.2,0,4.38567,-2.35072,1.10737,0.47597,0.88581,0.00000,
3.2,1,3.32885,-2.49949,0.03373,0.37861,0.16138,0.06725,0.04731
3.2,2,2.21969,-2.49929,-0.00052,0.30433,-0.00232,0.10916,0.04362
3.22,0,4.38994,-2.34220,1.12473,0.47682,0.85287,0.00000,
3.22,1,3.33729,-2.49916,0.03881,0.51967,0.56161,0.06429,0.00953
3.22,2,2.22605,-2.49930,-0.00054,0.37111,0.00724,0.11124,0.00454
3.24,0,4.39406,-2.33359,1.14143,0.47768,0.82078,0.00000,
3.24,1,3.34788,-2.49875,0.04689,0.46768,0.21199,0.05913,0.01907
3.24,2,2.23425,-2.49930,-0.00026,0.45308,0.01139,0.11363,0.01514
3.26,0,4.39804,-2.32489,1.15750,0.47854,0.78961,0.00000,
3.26,1,3.35749,-2.49833,0.04968,0.49533,0.12906,0.05491,0.02864
3.26,2,2.24405,-2.49932,-0.00088,0.49004,-0.08070,0.11344,0.02476
3.28,0,4.40189,-2.31612,1.17296,0.47932,0.75950,0.00000,
3.28,1,3.36706,-2.49785,0.05307,0.40602,0.22673,0.05067,0.03821
3.28,2,2.25327,-2.49932,-0.00207,0.43656,-0.02528,0.11378,0.03434
3.3,0,4.40561,-2.30728,1.18783,0.48002,0.73057,0.00000,
3.3,1,3.37468,-2.49738,0.05729,0.39157,0.18244,0.04831,0.04780
3.3,2,2.26166,-2.49933,-0.00193,0.41153,0.02089,0.11303,0.04198
3.32,0,4.40921,-2.29837,1.20214,0.48067,0.70277,0.00000,
3.32,1,3.38435,-2.49677,0.06668,0.53328,0.49264,0.04389,0.00961
3.32,2,2.26984,-2.49934,-0.00160,0.38039,0.00945,0.11451,0.05166
3.34,0,4.41267,-2.28939,1.21590,0.48129,0.67629,0.00000,
3.34,1,3.39359,-2.49618,0.07211,0.45860,0.16784,0.03985,0.01923
3.34,2,2.27930,-2.49935,-0.00157,0.50562,-0.02567,0.11429,0.01455
3.36,0,4.41602,-2.28036,1.22914,0.48190,0.65108,0.00000,
3.36,1,3.40327,-2.49548,0.07557,0.49318,0.19724,0.03535,0.02886
3.36,2,2.28857,-2.49934,-0.00199,0.47536,-0.01252,0.11471,0.02425
3.38,0,4.41926,-2.27127,1.24190,0.48248,0.62683,0.00000,
3.38,1,3.41131,-2.49477,0.08093,0.38653,0.25186,0.03243,0.03850
3.38,2,2.29917,-2.49937,-0.00196,0.55494,0.01179,0.11215,0.03233
3.4,0,4.42237,-2.26214,1.25418,0.48299,0.60386,0.00000,
3.4,1,3.41914,-2.49411,0.08522,0.39598,0.19681,0.02971,0.04815
3.4,2,2.31006,-2.49940,-0.00166,0.52715,0.01409,0.10909,0.04018
3.42,0,4.42538,-2.25295,1.26601,0.48344,0.58168,0.00000,
3.42,1,3.42699,-2.49343,0.08914,0.39027,0.19831,0.02695,0.05781
3.42,2,2.32015,-2.49942,-0.00146,0.49002,0.00757,0.10686,0.04806
3.44,0,4.42829,-2.24372,1.27741,0.48385,0.56021,0.00000,
3.44,1,3.43582,-2.49257,0.09989,0.46951,0.80617,0.02319,0.01934
3.44,2,2.32582,-2.49945,-0.00133,0.15483,-0.01894,0.11003,0.01280
3.46,0,4.43109,-2.23446,1.28838,0.48424,0.53957,0.00000,
3.46,1,3.44564,-2.49169,0.11002,0.49691,0.34366,0.01847,0.02902
3.46,2,2.32813,-2.49948,-0.00171,0.10967,-0.01944,0.11753,0.02266
3.48,0,4.43379,-2.22515,1.29895,0.48460,0.51972,0.00000,
3.48,1,3.45492,-2.49070,0.11443,0.43735,0.16525,0.01425,0.03871
3.48,2,2.32898,-2.49952,-0.00221,-0.00800,-0.06406,0.12597,0.03199
3.5,0,4.43639,-2.21581,1.30914,0.48494,0.50060,0.00000,
3.5,1,3.46313,-2.48972,0.11811,0.40249,0.21203,0.01107,0.04840
3.5,2,2.33055,-2.49962,-0.00625,0.15601,-0.17844,0.13263,0.04026
3.52,0,4.43890,-2.20644,1.31895,0.48525,0.48220,0.00000,
3.52,1,3.46974,-2.48879,0.12408,0.34423,0.26160,0.00946,0.05810
3.52,2,2.33462,-2.49967,-0.00805,0.20998,-0.06754,0.13517,0.04692
3.54,0,4.44132,-2.19704,1.32840,0.48553,0.46450,0.00000,
3.54,1,3.47845,-2.48763,0.13619,0.49359,0.72765,0.00577,0.01941
3.54,2,2.33882,-2.49972,-0.00940,0.20998,-0.06708,0.13969,0.01213
3.56,0,4.44364,-2.18770,1.33785,0.48551,0.46269,0.00000,
3.56,1,3.48703,-2.48647,0.14487,0.43020,0.26105,0.00218,0.02903
3.56,2,2.34321,-2.49999,-0.01249,0.25443,-0.17231,0.14390,0.02080
3.58,0,4.44595,-2.17801,1.34651,0.50460,0.41662,0.00000,
3.58,1,3.49576,-2.48520,0.14903,0.43934,0.20597,0.00139,0.03899
3.58,2,2.35074,-2.50012,-0.01358,0.44722,0.03690,0.14511,0.02962
3.6,0,4.44819,-2.16818,1.35475,0.50236,0.41033,0.00000,
3.6,1,3.50362,-2.48393,0.15461,0.33005,0.36972,0.00406,0.04907
3.6,2,2.35981,-2.50022,-0.01204,0.43525,0.08444,0.14393,0.03758
3.62,0,4.45033,-2.15843,1.36288,0.49642,0.40191,0.00000,
3.62,1,3.51034,-2.48278,0.16027,0.35059,0.22952,0.00563,0.00998
3.62,2,2.36775,-2.50029,-0.01076,0.37040,0.04583,0.14273,0.04440
3.64,0,4.45237,-2.14873,1.37074,0.49568,0.38537,0.00000,
3.64,1,3.52017,-2.48117,0.17224,0.49982,0.50256,0.01029,0.01989
3.64,2,2.37623,-2.50035,-0.00970,0.59376,0.09278,0.14410,0.01342
3.66,0,4.45435,-2.13900,1.37827,0.49739,0.36954,0.00000,
3.66,1,3.52892,-2.47964,0.17974,0.45520,0.35177,0.01387,0.02982
3.66,2,2.38839,-2.50041,-0.00971,0.53690,-0.00540,0.14072,0.02230
3.68,0,4.45625,-2.12922,1.38551,0.49824,0.35601,0.00000,
3.68,1,3.53789,-2.47793,0.18654,0.39285,0.43316,0.01766,0.03978
3.68,2,2.39901,-2.50042,-0.01018,0.51434,-0.04476,0.13910,0.03143
3.7,0,4.45809,-2.11943,1.39249,0.49814,0.34296,0.00000,
3.7,1,3.54414,-2.47631,0.19669,0.31541,0.48016,0.01884,0.04974
3.7,2,2.40778,-2.50048,-0.01031,0.31804,0.01589,0.13662,0.03787
3.72,0,4.45985,-2.10963,1.39920,0.49802,0.33002,0.00000,
3.72,1,3.55099,-2.47481,0.20698,0.42401,0.84246,0.02052,0.00996
3.72,2,2.41373,-2.50057,-0.01161,0.31795,-0.13433,0.13756,0.00380
3.74,0,4.46151,-2.10047,1.40520,0.47018,0.32176,0.00000,
3.74,1,3.55921,-2.47298,0.22260,0.40743,0.53292,0.02383,0.01927
3.74,2,2.42033,-2.50056,-0.01083,0.31377,0.13830,0.13922,0.01223
3.76,0,4.46309,-2.09111,1.41171,0.47721,0.31878,0.00000,
3.76,1,3.56745,-2.47109,0.22806,0.42498,0.16109,0.02709,0.02876
3.76,2,2.42759,-2.50062,-0.00828,0.42372,0.09232,0.14025,0.02068
3.78,0,4.46461,-2.08168,1.41775,0.47639,0.29015,0.00000,
3.78,1,3.57548,-2.46920,0.23205,0.40037,0.25626,0.03009,0.03831
3.78,2,2.43651,-2.50071,-0.00715,0.44335,0.04192,0.13941,0.02893
3.8,0,4.46605,-2.07250,1.42386,0.47617,0.29223,0.00000,
3.8,1,3.58205,-2.46746,0.23968,0.32341,0.35353,0.03178,0.04760
3.8,2,2.44482,-2.50078,-0.00619,0.39293,0.05567,0.13771,0.03572
3.82,0,4.46752,-2.06259,1.42919,0.51319,0.25591,0.00000,
3.82,1,3.58857,-2.46580,0.24503,0.34356,0.22992,0.03298,0.05761
3.82,2,2.45238,-2.50083,-0.00496,0.37183,0.06315,0.13673,0.00341
3.84,0,4.46897,-2.05245,1.43433,0.50765,0.25949,0.00000,
3.84,1,3.59555,-2.46403,0.25907,0.37034,0.99486,0.03447,0.02026
3.84,2,2.46391,-2.50090,-0.00288,0.62642,0.07129,0.13224,0.01062
3.86,0,4.47033,-2.04254,1.43951,0.49540,0.25589,0.00000,
3.86,1,3.60227,-2.46224,0.27273,0.33865,0.38852,0.03581,0.03027
3.86,2,2.47472,-2.50100,-0.00053,0.50879,0.05393,0.12822,0.01757
3.88,0,4.47162,-2.03275,1.44450,0.49373,0.24389,0.00000,
3.88,1,3.60913,-2.46033,0.27741,0.36334,0.18708,0.03734,0.04014
3.88,2,2.48399,-2.50095,-0.00027,0.37383,0.00914,0.12587,0.02469
3.9,0,4.47287,-2.02292,1.44925,0.49691,0.23349,0.00000,
3.9,1,3.61602,-2.45837,0.28215,0.35144,0.28529,0.03886,0.05005
3.9,2,2.48979,-2.50095,-0.00034,0.27907,-0.01757,0.12704,0.03186
3.92,0,4.47407,-2.01304,1.45383,0.49834,0.22529,0.00000,
3.92,1,3.62260,-2.45646,0.28841,0.33679,0.31872,0.03999,0.06000
3.92,2,2.49630,-2.50100,-0.00007,0.45695,0.11070,0.12719,0.00339
3.94,0,4.47524,-2.00314,1.45825,0.49787,0.21713,0.00000,
3.94,1,3.63194,-2.45377,0.30295,0.54434,0.75780,0.04386,0.01992
3.94,2,2.50573,-2.50100,0.00174,0.46399,0.05231,0.12720,0.01311
3.96,0,4.47635,-1.99325,1.46250,0.49739,0.20888,0.00000,
3.96,1,3.64138,-2.45107,0.31736,0.43296,0.55857,0.04775,0.02987
3.96,2,2.51490,-2.50103,0.00284,0.43040,0.06304,0.12759,0.02293
3.98,0,4.47743,-1.98336,1.46659,0.49744,0.20099,0.00000,
3.98,1,3.64940,-2.44842,0.32536,0.41003,0.28569,0.05031,0.03982
3.98,2,2.52351,-2.50105,0.00427,0.40971,0.07705,0.12712,0.03137
4.0,0,4.47846,-1.97347,1.47053,0.49765,0.19348,0.00000,
4.0,1,3.65487,-2.44618,0.33460,0.26630,0.50120,0.05039,0.04977
4.0,2,2.53039,-2.50101,0.00592,0.35147,0.07908,0.12581,0.03726
4.02,0,4.47946,-1.96356,1.47432,0.49774,0.18626,0.00000,
4.02,1,3.66076,-2.44386,0.34626,0.38912,0.64385,0.05082,0.00995
4.02,2,2.53762,-2.50094,0.00735,0.36387,0.06668,0.12459,0.04357
4.04,0,4.48042,-1.95365,1.47796,0.49775,0.17928,0.00000,
4.04,1,3.66765,-2.44141,0.35226,0.32734,0.07981,0.05210,0.01991
4.04,2,2.54334,-2.50089,0.01094,0.24435,0.21230,0.12588,0.01093
4.06,0,4.48134,-1.94389,1.48137,0.46073,0.14652,0.00000,
4.06,1,3.67456,-2.43886,0.35686,0.39775,0.36345,0.05348,0.02971
4.06,2,2.54871,-2.50082,0.01377,0.30065,0.08183,0.12755,0.01829
4.08,0,4.48220,-1.93460,1.48461,0.47155,0.17195,0.00000,
4.08,1,3.68203,-2.43607,0.36504,0.38995,0.40444,0.05568,0.03904
4.08,2,2.55535,-2.50073,0.01479,0.34705,0.04438,0.12853,0.02627
4.1,0,4.48303,-1.92513,1.48802,0.47685,0.16521,0.00000,
4.1,1,3.68826,-2.43359,0.37357,0.30480,0.38621,0.05650,0.04855
4.1,2,2.56204,-2.50063,0.01594,0.32495,0.06916,0.12821,0.03297
4.12,0,4.48382,-1.91574,1.49124,0.44291,0.17872,0.00000,
4.12,1,3.69465,-2.43101,0.38975,0.36600,0.94256,0.05751,0.00942
4.12,2,2.56872,-2.50052,0.01747,0.33748,0.07744,0.12807,0.03986
4.14,0,4.48458,-1.90622,1.49433,0.50156,0.14048,0.00000,
4.14,1,3.70119,-2.42833,0.40243,0.33596,0.37490,0.05857,0.01897
4.14,2,2.57564,-2.50042,0.01963,0.30272,0.19455,0.12787,0.01069
4.16,0,4.48536,-1.89601,1.49707,0.51409,0.13692,0.00000,
4.16,1,3.70688,-2.42591,0.40651,0.31777,0.22391,0.05828,0.02922
4.16,2,2.58126,-2.50028,0.02219,0.30639,0.05017,0.12807,0.01686
4.18,0,4.48611,-1.88590,1.49984,0.50042,0.13869,0.00000,
4.18,1,3.71292,-2.42332,0.41266,0.33315,0.35923,0.05838,0.03936
4.18,2,2.58851,-2.50011,0.02284,0.40037,0.04119,0.12703,0.02344
4.2,0,4.48681,-1.87601,1.50256,0.49298,0.13345,0.00000,
4.2,1,3.71896,-2.42067,0.41997,0.32457,0.35395,0.05859,0.04926
4.2,2,2.59674,-2.49993,0.02419,0.40751,0.08457,0.12502,0.03003
4.22,0,4.48749,-1.86616,1.50516,0.49494,0.12703,0.00000,
4.22,1,3.72700,-2.41712,0.43234,0.50578,0.61939,0.06091,0.00987
4.22,2,2.60441,-2.49975,0.02592,0.35695,0.08093,0.12563,0.03882
4.24,0,4.48814,-1.85625,1.50764,0.49767,0.12230,0.00000,
4.24,1,3.73519,-2.41332,0.44111,0.42291,0.34396,0.06338,0.01981
4.24,2,2.61292,-2.49954,0.02826,0.51222,0.22038,0.12558,0.01402
4.26,0,4.48877,-1.84631,1.51004,0.49788,0.11804,0.00000,
4.26,1,3.74255,-2.40972,0.44806,0.39345,0.34869,0.06497,0.02976
4.26,2,2.62309,-2.49925,0.03265,0.52525,0.17007,0.12303,0.02220
4.28,0,4.48937,-1.83638,1.51235,0.49715,0.11363,0.00000,
4.28,1,3.74778,-2.40699,0.45657,0.27334,0.39110,0.06429,0.03971
4.28,2,2.63378,-2.49891,0.03457,0.52869,0.05473,0.11779,0.02810
4.3,0,4.48995,-1.82646,1.51458,0.49691,0.10930,0.00000,
4.3,1,3.75280,-2.40442,0.46314,0.28794,0.29367,0.06329,0.04965
4.3,2,2.64393,-2.49857,0.03563,0.49111,0.06247,0.11286,0.03374
4.32,0,4.49051,-1.81654,1.51672,0.49707,0.10522,0.00000,
4.32,1,3.75779,-2.40188,0.46826,0.29036,0.29042,0.06218,0.00994
4.32,2,2.65320,-2.49823,0.03717,0.35970,0.07833,0.10878,0.00271
4.34,0,4.49105,-1.80661,1.51878,0.49720,0.10130,0.00000,
4.34,1,3.76486,-2.39837,0.47474,0.41077,0.19121,0.06323,0.01988
4.34,2,2.66164,-2.49792,0.03914,0.42819,0.07849,0.10770,0.01060
4.36,0,4.49156,-1.79668,1.52076,0.49720,0.09751,0.00000,
4.36,1,3.77158,-2.39509,0.47887,0.36461,0.30953,0.06379,0.02983
4.36,2,2.67003,-2.49761,0.04069,0.39789,0.07677,0.10631,0.01807
4.38,0,4.49206,-1.78675,1.52267,0.49718,0.09387,0.00000,
4.38,1,3.77817,-2.39157,0.48780,0.35508,0.51016,0.06434,0.03977
4.38,2,2.67715,-2.49732,0.04237,0.32831,0.09044,0.10609,0.02555
4.4,0,4.49254,-1.77681,1.52451,0.49718,0.09036,0.00000,
4.4,1,3.78348,-2.38863,0.49731,0.29849,0.38016,0.06347,0.04971
4.4,2,2.68272,-2.49706,0.04436,0.28624,0.08548,0.10608,0.03161
4.42,0,4.49300,-1.76688,1.52628,0.49720,0.08698,0.00000,
4.42,1,3.78872,-2.38575,0.50375,0.29891,0.30513,0.06244,0.05966
4.42,2,2.68872,-2.49679,0.04597,0.30816,0.08100,0.10559,0.03759
4.44,0,4.49344,-1.75695,1.52799,0.49721,0.08373,0.00000,
4.44,1,3.79524,-2.38205,0.51559,0.42574,0.66634,0.06285,0.01989
4.44,2,2.69655,-2.49644,0.04909,0.48465,0.23483,0.10462,0.01048
4.46,0,4.49387,-1.74701,1.52963,0.49722,0.08060,0.00000,
4.46,1,3.80170,-2.37779,0.52245,0.38143,0.27819,0.06353,0.02983
4.46,2,2.70550,-2.49601,0.05110,0.44371,0.08108,0.10256,0.01821
4.48,0,4.49428,-1.73707,1.53120,0.49722,0.07759,0.00000,
4.48,1,3.80803,-2.37389,0.52837,0.36044,0.33183,0.06380,0.03978
4.48,2,2.71408,-2.49563,0.05303,0.40437,0.10563,0.10070,0.02565
4.5,0,4.49467,-1.72714,1.53272,0.49723,0.07469,0.00000,
4.5,1,3.81392,-2.37040,0.53599,0.30244,0.43347,0.06341,0.04972
4.5,2,2.72137,-2.49522,0.05510,0.31381,0.11482,0.09967,0.03250
4.52,0,4.49505,-1.71749,1.53411,0.46177,0.06397,0.00000,
4.52,1,3.81889,-2.36741,0.54514,0.36119,0.65337,0.06215,0.00965
4.52,2,2.72655,-2.49484,0.05756,0.27351,0.09658,0.09975,0.03830
4.54,0,4.49540,-1.70814,1.53551,0.47277,0.07282,0.00000,
4.54,1,3.82573,-2.36329,0.55471,0.36546,0.23532,0.06316,0.01901
4.54,2,2.73296,-2.49442,0.06116,0.36955,0.30786,0.10061,0.01102
4.56,0,4.49574,-1.69864,1.53692,0.47623,0.06789,0.00000,
4.56,1,3.83177,-2.35943,0.56003,0.38122,0.43316,0.06325,0.02852
4.56,2,2.73981,-2.49398,0.06606,0.30543,0.15127,0.10021,0.01819
4.58,0,4.49605,-1.68937,1.53831,0.46921,0.06706,0.00000,
4.58,1,3.83835,-2.35522,0.57029,0.36804,0.51617,0.06409,0.03780
4.58,2,2.74658,-2.49353,0.06792,0.35599,0.06705,0.10050,0.02600
4.6,0,4.49638,-1.67943,1.53952,0.51228,0.05767,0.00000,
4.6,1,3.84378,-2.35171,0.57934,0.31461,0.38411,0.06307,0.04774
4.6,2,2.75362,-2.49305,0.06941,0.34412,0.08653,0.09929,0.03247
4.62,0,4.49670,-1.66917,1.54067,0.50898,0.05863,0.00000,
4.62,1,3.84946,-2.34796,0.58784,0.45317,0.67302,0.06209,0.01026
4.62,2,2.75943,-2.49261,0.07049,0.33653,-0.58135,0.09959,0.00370
4.64,0,4.49700,-1.65916,1.54185,0.49543,0.05808,0.00000,
4.64,1,3.85737,-2.34287,0.59567,0.43311,0.29712,0.06373,0.02028
4.64,2,2.76639,-2.49219,0.04362,0.35063,-1.36357,0.10115,0.01310
4.66,0,4.49729,-1.64930,1.54298,0.49264,0.05532,0.00000,
4.66,1,3.86398,-2.33823,0.60063,0.41156,0.38626,0.06421,0.03014
4.66,2,2.77274,-2.49187,0.02802,0.29701,-0.09545,0.10201,0.02117
4.68,0,4.49756,-1.63942,1.54406,0.49583,0.05291,0.00000,
4.68,1,3.87035,-2.33376,0.61031,0.32406,0.49976,0.06432,0.04003
4.68,2,2.77979,-2.49161,0.03586,0.39161,0.55520,0.10192,0.02895
4.7,0,4.49783,-1.62948,1.54510,0.49753,0.05106,0.00000,
4.7,1,3.87537,-2.33026,0.61911,0.30388,0.39168,0.06270,0.04997
4.7,2,2.78742,-2.49133,0.04415,0.33152,0.29994,0.09981,0.03507
4.72,0,4.49808,-1.61954,1.54610,0.49708,0.04924,0.00000,
4.72,1,3.88031,-2.32677,0.62653,0.30154,0.36451,0.06095,0.00995
4.72,2,2.79458,-2.49100,0.04900,0.44308,0.33967,0.09808,0.00302
4.74,0,4.49833,-1.60961,1.54706,0.49645,0.04737,0.00000,
4.74,1,3.88612,-2.32225,0.63827,0.36558,0.37475,0.06050,0.01988
4.74,2,2.80391,-2.49053,0.05596,0.42467,0.28667,0.09522,0.01037
4.76,0,4.49856,-1.59968,1.54799,0.49642,0.04559,0.00000,
4.76,1,3.89206,-2.31788,0.64454,0.36411,0.31606,0.05997,0.02981
4.76,2,2.81115,-2.49013,0.06000,0.35350,0.16352,0.09455,0.01774
4.78,0,4.49879,-1.58976,1.54888,0.49659,0.04389,0.00000,
4.78,1,3.89765,-2.31360,0.65194,0.34308,0.40800,0.05908,0.03974
4.78,2,2.81828,-2.48971,0.06321,0.35968,0.16691,0.09365,0.02479
4.8,0,4.49901,-1.57983,1.54974,0.49665,0.04226,0.00000,
4.8,1,3.90298,-2.30947,0.66037,0.33437,0.41972,0.05786,0.04967
4.8,2,2.82384,-2.48929,0.06755,0.28050,0.19747,0.09402,0.03153
4.82,0,4.49922,-1.56989,1.55057,0.49662,0.04068,0.00000,
4.82,1,3.90897,-2.30467,0.67088,0.47353,0.64871,0.05751,0.00993
4.82,2,2.82972,-2.48887,0.07089,0.30096,0.15247,0.09485,0.03920
4.84,0,4.49942,-1.55996,1.55137,0.49660,0.03916,0.00000,
4.84,1,3.91648,-2.29885,0.68273,0.45762,0.69847,0.05884,0.01986
4.84,2,2.83720,-2.48841,0.07374,0.44806,0.03073,0.09580,0.01383
4.86,0,4.49961,-1.55003,1.55213,0.49660,0.03770,0.00000,
4.86,1,3.92272,-2.29391,0.69489,0.34697,0.46290,0.05864,0.02980
4.86,2,2.84579,-2.48794,0.07410,0.38128,-0.01714,0.09427,0.02179
4.88,0,4.49980,-1.54010,1.55287,0.49661,0.03630,0.00000,
4.88,1,3.92764,-2.28976,0.70241,0.31470,0.33938,0.05695,0.03973
4.88,2,2.85342,-2.48740,0.07426,0.38475,0.06779,0.09225,0.02824
4.9,0,4.49997,-1.53017,1.55358,0.49662,0.03495,0.00000,
4.9,1,3.93253,-2.28557,0.70946,0.31461,0.35714,0.05522,0.04966
4.9,2,2.86012,-2.48682,0.07819,0.28603,0.26315,0.09113,0.03467
4.92,0,4.50015,-1.52024,1.55427,0.49662,0.03364,0.00000,
4.92,1,3.93752,-2.28119,0.71800,0.43284,0.66077,0.05365,0.00993
4.92,2,2.86624,-2.48632,0.08247,0.32078,0.18061,0.09074,0.04130
4.94,0,4.50031,-1.51031,1.55493,0.49662,0.03239,0.00000,
4.94,1,3.94431,-2.27535,0.72623,0.41483,0.33177,0.05426,0.01986
4.94,2,2.87279,-2.48578,0.08711,0.32661,0.38776,0.09199,0.01256
4.96,0,4.50047,-1.50038,1.55556,0.49662,0.03118,0.00000,
4.96,1,3.95005,-2.27021,0.73261,0.38878,0.46105,0.05364,0.02980
4.96,2,2.87994,-2.48512,0.09515,0.38019,0.32874,0.09147,0.02026
4.98,0,4.50062,-1.49045,1.55617,0.49662,0.03002,0.00000,
4.98,1,3.95570,-2.26503,0.74277,0.34244,0.45551,0.05294,0.03973
4.98,2,2.88728,-2.48445,0.09940,0.35148,0.14682,0.09071,0.02793
5.0,0,4.50076,-1.48052,1.55676,0.49662,0.02890,0.00000,
5.0,1,3.96015,-2.26110,0.75046,0.29175,0.37081,0.05049,0.04966
5.0,2,2.89388,-2.48380,0.10221,0.31942,0.15304,0.08928,0.03387
5.02,0,4.50090,-1.47059,1.55733,0.49662,0.02783,0.00000,
5.02,1,3.96553,-2.25611,0.75785,0.42265,0.19247,0.04939,0.00993
5.02,2,2.90017,-2.48316,0.10569,0.31671,0.18479,0.08929,0.04121
5.04,0,4.50104,-1.46065,1.55787,0.49662,0.02679,0.00000,
5.04,1,3.97096,-2.25090,0.76088,0.38012,0.29695,0.04844,0.01986
5.04,2,2.90676,-2.48256,0.11117,0.29055,0.39945,0.08913,0.01165
5.06,0,4.50116,-1.45072,1.55840,0.49662,0.02579,0.00000,
5.06,1,3.97663,-2.24537,0.77057,0.39905,0.54559,0.04784,0.02980
5.06,2,2.91272,-2.48193,0.11796,0.33178,0.25190,0.08990,0.01957
5.08,0,4.50129,-1.44079,1.55890,0.49662,0.02483,0.00000,
5.08,1,3.98194,-2.24034,0.77992,0.32301,0.39112,0.04658,0.03973
5.08,2,2.92021,-2.48104,0.12142,0.40423,0.13842,0.08866,0.02688
5.1,0,4.50141,-1.43108,1.55937,0.46026,0.02099,0.00000,
5.1,1,3.98652,-2.23592,0.78768,0.31639,0.38895,0.04456,0.04944
5.1,2,2.92827,-2.48004,0.12439,0.39779,0.16465,0.08604,0.03324
5.12,0,4.50152,-1.42176,1.55983,0.47133,0.02402,0.00000,
5.12,1,3.99100,-2.23145,0.79535,0.31641,0.37585,0.04280,0.00933
5.12,2,2.93583,-2.47910,0.12797,0.36885,0.18470,0.08384,0.03957
5.14,0,4.50162,-1.41227,1.56030,0.47570,0.02267,0.00000,
5.14,1,3.99602,-2.22631,0.81075,0.37050,0.80566,0.04172,0.01882
5.14,2,2.94237,-2.47826,0.13292,0.23995,0.41651,0.08335,0.01035
5.16,0,4.50172,-1.40300,1.56076,0.46890,0.02224,0.00000,
5.16,1,4.00081,-2.22128,0.82191,0.31509,0.33443,0.04057,0.02809
5.16,2,2.94568,-2.47786,0.14195,0.13164,0.50519,0.08588,0.01730
5.18,0,4.50182,-1.39306,1.56116,0.51198,0.01924,0.00000,
5.18,1,4.00506,-2.21671,0.82753,0.31830,0.30267,0.03814,0.03803
5.18,2,2.94917,-2.47730,0.15467,0.22745,0.52723,0.08757,0.02354
5.2,0,4.50192,-1.38281,1.56155,0.50851,0.01952,0.00000,
5.2,1,4.00945,-2.21194,0.83457,0.32643,0.38016,0.03564,0.04828
5.2,2,2.95437,-2.47650,0.15906,0.25308,0.00090,0.08775,0.03002
5.22,0,4.50201,-1.37280,1.56194,0.49491,0.01931,0.00000,
5.22,1,4.01410,-2.20697,0.83199,0.33036,-0.38729,0.03362,0.01001
5.22,2,2.96023,-2.47557,0.15934,0.35232,0.09495,0.08756,0.03682
5.24,0,4.50210,-1.36295,1.56231,0.49214,0.01841,0.00000,
5.24,1,4.01862,-2.20214,0.82430,0.33266,-0.36152,0.03150,0.01986
5.24,2,2.96858,-2.47425,0.16066,0.41353,0.03751,0.08472,0.00992
5.26,0,4.50218,-1.35307,1.56267,0.49536,0.01761,0.00000,
5.26,1,4.02509,-2.19536,0.80293,0.54613,-1.26947,0.03197,0.02974
5.26,2,2.97614,-2.47302,0.16313,0.37921,0.20350,0.08507,0.01928
5.28,0,4.50226,-1.34314,1.56302,0.49706,0.01700,0.00000,
5.28,1,4.03215,-2.18814,0.78694,0.48947,-0.57812,0.03303,0.03967
5.28,2,2.98354,-2.47180,0.16754,0.37134,0.20951,0.08630,0.02939
5.3,0,4.50234,-1.33321,1.56335,0.49659,0.01639,0.00000,
5.3,1,4.03856,-2.18206,0.78544,0.39799,0.37815,0.03272,0.04960
5.3,2,2.98950,-2.47066,0.17257,0.30750,0.17346,0.08803,0.03822
5.32,0,4.50241,-1.32328,1.56367,0.49596,0.01577,0.00000,
5.32,1,4.04346,-2.17752,0.79621,0.27006,0.47473,0.03028,0.00992
5.32,2,2.99576,-2.46953,0.17503,0.32217,0.11127,0.08764,0.00294
5.34,0,4.50248,-1.31336,1.56398,0.49593,0.01518,0.00000,
5.34,1,4.04849,-2.17240,0.81291,0.36725,0.83421,0.02838,0.01984
5.34,2,3.00566,-2.46796,0.18022,0.48091,0.10470,0.08391,0.01011
5.36,0,4.50255,-1.30344,1.56428,0.49610,0.01462,0.00000,
5.36,1,4.05342,-2.16748,0.82580,0.33058,0.37041,0.02620,0.02976
5.36,2,3.01430,-2.46627,0.18090,0.43641,0.02557,0.08122,0.01708
5.38,0,4.50262,-1.29352,1.56456,0.49616,0.01408,0.00000,
5.38,1,4.05846,-2.16188,0.83428,0.41681,0.55199,0.02464,0.03969
5.38,2,3.02260,-2.46454,0.18206,0.37737,0.17152,0.07917,0.02460
5.4,0,4.50268,-1.28360,1.56484,0.49612,0.01355,0.00000,
5.4,1,4.06399,-2.15577,0.84531,0.35819,0.42957,0.02372,0.04961
5.4,2,3.02813,-2.46318,0.18751,0.27965,0.19501,0.08051,0.03284
5.42,0,4.50274,-1.27368,1.56511,0.49610,0.01305,0.00000,
5.42,1,4.06973,-2.14928,0.85601,0.49436,0.47353,0.02318,0.00992
5.42,2,3.03401,-2.46203,0.18985,0.33852,0.02024,0.08191,0.00487
5.44,0,4.50279,-1.26375,1.56536,0.49610,0.01256,0.00000,
5.44,1,4.07588,-2.14226,0.86527,0.42075,0.38356,0.02326,0.01984
5.44,2,3.04148,-2.46087,0.18755,0.38104,-0.15560,0.08236,0.01421
5.46,0,4.50285,-1.25383,1.56561,0.49611,0.01210,0.00000,
5.46,1,4.08132,-2.13577,0.87460,0.43278,0.57698,0.02250,0.02977
5.46,2,3.04859,-2.45957,0.18654,0.39593,0.16466,0.08230,0.02267
5.48,0,4.50290,-1.24391,1.56584,0.49611,0.01165,0.00000,
5.48,1,4.08621,-2.13025,0.88374,0.32778,0.42039,0.02060,0.03969
5.48,2,3.05750,-2.45785,0.19255,0.48248,0.32701,0.07962,0.03005
5.5,0,4.50295,-1.23399,1.56607,0.49611,0.01122,0.00000,
5.5,1,4.09047,-2.12537,0.89289,0.32412,0.47140,0.01781,0.04961
5.5,2,3.06685,-2.45603,0.19792,0.46087,0.21835,0.07570,0.03653
5.52,0,4.50300,-1.22407,1.56629,0.49611,0.01080,0.00000,
5.52,1,4.09594,-2.11833,0.90443,0.49562,0.49953,0.01746,0.00992
5.52,2,3.07467,-2.45436,0.20286,0.38263,0.20615,0.07514,0.00506
5.54,0,4.50304,-1.21414,1.56650,0.49611,0.01040,0.00000,
5.54,1,4.10138,-2.11118,0.91385,0.44203,0.46600,0.01714,0.01984
5.54,2,3.08350,-2.45258,0.18424,0.45204,-1.16695,0.07361,0.01404
5.56,0,4.50308,-1.20422,1.56671,0.49611,0.01001,0.00000,
5.56,1,4.10655,-2.10425,0.92208,0.41832,0.38086,0.01649,0.02977
5.56,2,3.09163,-2.45119,0.17043,0.36612,-0.12794,0.07259,0.02268
5.58,0,4.50312,-1.19430,1.56690,0.49611,0.00964,0.00000,
5.58,1,4.11134,-2.09799,0.92988,0.34637,0.32005,0.01503,0.03969
5.58,2,3.09976,-2.44972,0.17872,0.44966,0.62704,0.07098,0.03056
5.6,0,4.50316,-1.18438,1.56709,0.49611,0.00928,0.00000,
5.6,1,4.11536,-2.09304,0.93743,0.32406,0.49578,0.01204,0.04961
5.6,2,3.10893,-2.44799,0.18877,0.46834,0.35347,0.06718,0.03694
5.62,0,4.50320,-1.17446,1.56727,0.49611,0.00894,0.00000,
5.62,1,4.12001,-2.08664,0.94883,0.50078,0.49335,0.01060,0.00992
5.62,2,3.11783,-2.44626,0.19357,0.43920,0.19608,0.06474,0.04485
5.64,0,4.50323,-1.16453,1.56745,0.49611,0.00861,0.00000,
5.64,1,4.12524,-2.07928,0.95869,0.41863,0.48885,0.01023,0.01984
5.64,2,3.12601,-2.44461,0.18103,0.42126,-1.05792,0.06392,0.01364
5.66,0,4.50327,-1.15461,1.56762,0.49611,0.00829,0.00000,
5.66,1,4.12986,-2.07230,0.96775,0.41759,0.40690,0.00925,0.02977
5.66,2,3.13299,-2.44300,0.16269,0.28325,-0.71291,0.06356,0.02201
5.68,0,4.50330,-1.14469,1.56778,0.49611,0.00798,0.00000,
5.68,1,4.13432,-2.06605,0.97387,0.32968,0.20270,0.00750,0.03969
5.68,2,3.13839,-2.44181,0.15320,0.27032,-0.05621,0.06445,0.02969
5.7,0,4.50333,-1.13477,1.56794,0.49611,0.00768,0.00000,
5.7,1,4.13824,-2.06062,0.98172,0.34031,0.49227,0.00476,0.04961
5.7,2,3.14380,-2.44085,0.16108,0.27955,0.60408,0.06466,0.03638
5.72,0,4.50336,-1.12484,1.56809,0.49611,0.00740,0.00000,
5.72,1,4.14277,-2.05374,0.99300,0.53083,0.57759,0.00357,0.00992
5.72,2,3.14924,-2.43989,0.17201,0.34554,0.55125,0.06593,0.00480
5.74,0,4.50338,-1.11492,1.56823,0.49611,0.00712,0.00000,
5.74,1,4.14797,-2.04570,1.00492,0.47074,0.59915,0.00367,0.01984
5.74,2,3.15850,-2.43849,0.18289,0.47226,0.44118,0.06458,0.01438
5.76,0,4.50341,-1.10500,1.56837,0.49611,0.00686,0.00000,
5.76,1,4.15277,-2.03804,1.01618,0.43749,0.49904,0.00326,0.02977
5.76,2,3.16718,-2.43701,0.19052,0.41912,0.32974,0.06329,0.02343
5.78,0,4.50343,-1.09508,1.56851,0.49611,0.00661,0.00000,
5.78,1,4.15723,-2.03095,1.02281,0.34949,0.10831,0.00214,0.03969
5.78,2,3.17503,-2.43542,0.19658,0.35466,0.35765,0.06222,0.03180
5.8,0,4.50346,-1.08516,1.56863,0.49611,0.00636,0.00000,
5.8,1,4.16099,-2.02534,1.02802,0.34272,0.41730,0.00061,0.04961
5.8,2,3.18025,-2.43411,0.20556,0.26580,0.36378,0.06252,0.03855
5.82,0,4.50348,-1.07523,1.56876,0.49611,0.00613,0.00000,
5.82,1,4.16552,-2.01771,1.03597,0.48048,0.27468,0.00124,0.00992
5.82,2,3.18581,-2.43288,0.21138,0.29484,0.27374,0.06404,0.00483
5.84,0,4.50350,-1.06531,1.56888,0.49611,0.00590,0.00000,
5.84,1,4.16971,-2.01054,1.04411,0.40881,0.51762,0.00243,0.01984
5.84,2,3.19269,-2.43143,0.22090,0.33599,0.41607,0.06382,0.01313
5.86,0,4.50352,-1.05606,1.56899,0.46774,0.00576,0.00000,
5.86,1,4.17400,-2.00308,1.05373,0.44250,0.41430,0.00271,0.02910
5.86,2,3.19951,-2.43004,0.22727,0.37107,0.20902,0.06392,0.02174
5.88,0,4.50353,-1.04661,1.56911,0.47494,0.00561,0.00000,
5.88,1,4.17801,-1.99673,1.05804,0.35636,0.27857,0.00434,0.03855
5.88,2,3.20745,-2.42820,0.23171,0.44202,0.28610,0.06215,0.02924
5.9,0,4.50355,-1.03727,1.56921,0.44799,0.00566,0.00000,
5.9,1,4.18166,-1.99053,1.06608,0.36093,0.43842,0.00614,0.04789
5.9,2,3.21630,-2.42605,0.23870,0.45382,0.37674,0.05905,0.03644
5.92,0,4.50356,-1.02763,1.56932,0.50449,0.00488,0.00000,
5.92,1,4.18516,-1.98426,1.07403,0.36137,0.41486,0.00823,0.00964
5.92,2,3.22474,-2.42396,0.24588,0.43235,0.35548,0.05629,0.04362
5.94,0,4.50358,-1.01738,1.56941,0.51223,0.00479,0.00000,
5.94,1,4.18865,-1.97780,1.08478,0.38821,0.52178,0.01074,0.01989
5.94,2,3.23122,-2.42219,0.23784,0.29119,-0.99727,0.05553,0.01092
5.96,0,4.50359,-1.00729,1.56951,0.49782,0.00474,0.00000,
5.96,1,4.19235,-1.97080,1.09276,0.39274,0.31297,0.01253,0.02998
5.96,2,3.23547,-2.42066,0.22079,0.15062,-0.61865,0.05735,0.01884
5.98,0,4.50361,-0.99742,1.56960,0.49154,0.00455,0.00000,
5.98,1,4.19583,-1.96410,1.09838,0.36463,0.27933,0.01449,0.03985
5.98,2,3.23816,-2.41923,0.21351,0.17303,-0.02468,0.06031,0.02639
6.0,0,4.50362,-0.98757,1.56969,0.49401,0.00436,0.00000,
6.0,1,4.19907,-1.95776,1.10436,0.35215,0.31173,0.01687,0.04970
6.0,2,3.24375,-2.41758,0.20650,0.37401,-0.54258,0.06022,0.03351
6.02,0,4.50363,-0.97766,1.56978,0.49653,0.00420,0.00000,
6.02,1,4.20231,-1.95136,1.11145,0.31805,0.57939,0.01926,0.00991
6.02,2,3.24987,-2.41612,0.19849,0.29778,-0.47096,0.05979,0.00366
6.04,0,4.50364,-0.96773,1.56986,0.49651,0.00405,0.00000,
6.04,1,4.20509,-1.94692,1.12232,0.22208,0.43883,0.02370,0.01985
6.04,2,3.25610,-2.41497,0.18967,0.33141,-0.08479,0.05814,0.00888
6.06,0,4.50365,-0.95780,1.56994,0.49576,0.00390,0.00000,
6.06,1,4.20743,-1.94441,1.12864,0.15158,0.29135,0.03011,0.02977
6.06,2,3.26258,-2.41366,0.19963,0.29792,0.85285,0.05496,0.01226
6.08,0,4.50366,-0.94789,1.57001,0.49557,0.00375,0.00000,
6.08,1,4.20957,-1.94158,1.13142,0.22762,0.09685,0.03630,0.03968
6.08,2,3.26877,-2.41231,0.21418,0.32669,0.57586,0.05199,0.01579
6.1,0,4.50366,-0.93798,1.57009,0.49573,0.00361,0.00000,
6.1,1,4.21186,-1.93676,1.13927,0.31808,0.57044,0.04053,0.04959
6.1,2,3.27510,-2.41092,0.22332,0.31740,0.40890,0.04993,0.02109
6.12,0,4.50367,-0.92806,1.57016,0.49583,0.00348,0.00000,
6.12,1,4.21443,-1.93052,1.15479,0.33906,0.79694,0.04335,0.00992
6.12,2,3.28086,-2.40961,0.23144,0.28893,0.42610,0.04933,0.02776
6.14,0,4.50368,-0.91815,1.57023,0.49581,0.00335,0.00000,
6.14,1,4.21708,-1.92420,1.16820,0.37617,0.44740,0.04608,0.01983
6.14,2,3.28733,-2.40807,0.24214,0.37969,0.69081,0.04811,0.01024
6.16,0,4.50368,-0.90823,1.57029,0.49578,0.00323,0.00000,
6.16,1,4.22066,-1.91589,1.17171,0.49140,0.07106,0.04666,0.02975
6.16,2,3.29491,-2.40618,0.25553,0.37711,0.57663,0.04756,0.01929
6.18,0,4.50369,-0.89832,1.57036,0.49577,0.00311,0.00000,
6.18,1,4.22445,-1.90697,1.17430,0.46581,0.20211,0.04660,0.03966
6.18,2,3.30154,-2.40446,0.26472,0.31756,0.39403,0.04845,0.02898
6.2,0,4.50369,-0.88840,1.57042,0.49578,0.00299,0.00000,
6.2,1,4.22784,-1.89889,1.17951,0.42096,0.28084,0.04747,0.04958
6.2,2,3.30742,-2.40287,0.27246,0.30115,0.39861,0.04936,0.03775
6.22,0,4.50370,-0.87848,1.57048,0.49579,0.00288,0.00000,
6.22,1,4.23153,-1.88932,1.18653,0.63908,0.37484,0.04684,0.00992
6.22,2,3.31332,-2.40122,0.28078,0.31076,0.42308,0.05126,0.00597
6.24,0,4.50370,-0.86857,1.57053,0.49578,0.00278,0.00000,
6.24,1,4.23586,-1.87751,1.19375,0.57812,0.37004,0.04389,0.01983
6.24,2,3.32210,-2.39888,0.29646,0.47841,0.85120,0.05204,0.01855
6.26,0,4.50370,-0.85865,1.57059,0.49578,0.00267,0.00000,
6.26,1,4.23974,-1.86761,1.19834,0.51968,0.10047,0.04291,0.02975
6.26,2,3.33064,-2.39638,0.30761,0.40824,0.31798,0.05170,0.02918
6.28,0,4.50370,-0.84874,1.57064,0.49578,0.00258,0.00000,
6.28,1,4.24321,-1.86002,1.19598,0.35725,-0.18752,0.04429,0.03966
6.28,2,3.33896,-2.39371,0.31416,0.45349,0.36325,0.05000,0.03751
6.3,0,4.50371,-0.83882,1.57069,0.49578,0.00248,0.00000,
6.3,1,4.24622,-1.85348,1.19375,0.36937,0.02257,0.04682,0.04958
6.3,2,3.34758,-2.39088,0.32223,0.44823,0.42169,0.04707,0.04470
6.32,0,4.50371,-0.82891,1.57074,0.49578,0.00239,0.00000,
6.32,1,4.24910,-1.84634,1.19791,0.39415,0.30596,0.04880,0.05949
6.32,2,3.35442,-2.38845,0.33264,0.23014,0.58728,0.04611,0.00391
6.34,0,4.50371,-0.81899,1.57078,0.49578,0.00230,0.00000,
6.34,1,4.25267,-1.83644,1.20796,0.55597,0.75763,0.04796,0.01983
6.34,2,3.35781,-2.38688,0.34132,0.13378,0.41215,0.05060,0.01443
6.36,0,4.50371,-0.80907,1.57083,0.49578,0.00222,0.00000,
6.36,1,4.25659,-1.82636,1.22408,0.54089,0.80656,0.04687,0.02975
6.36,2,3.36039,-2.38568,0.34945,0.16796,0.38928,0.05641,0.02525
6.38,0,4.50371,-0.79916,1.57087,0.49578,0.00213,0.00000,
6.38,1,4.26054,-1.81668,1.23993,0.49784,0.68737,0.04617,0.03966
6.38,2,3.36486,-2.38398,0.35618,0.26136,0.23988,0.06022,0.03570
6.4,0,4.50371,-0.78924,1.57092,0.49578,0.00206,0.00000,
6.4,1,4.26400,-1.80809,1.24335,0.36878,-0.22379,0.04666,0.04958
6.4,2,3.37004,-2.38195,0.35800,0.30288,-0.09833,0.06230,0.04496
6.42,0,4.50371,-0.77933,1.57096,0.49578,0.00198,0.00000,
6.42,1,4.26677,-1.80102,1.24363,0.38697,0.19688,0.04880,0.05949
6.42,2,3.37603,-2.37987,0.35562,0.32882,0.04081,0.06231,0.05255
6.44,0,4.50370,-0.76941,1.57099,0.49578,0.00191,0.00000,
6.44,1,4.26969,-1.79178,1.25380,0.48393,0.73441,0.04881,0.01983
6.44,2,3.38266,-2.37736,0.36274,0.43003,0.70897,0.06288,0.01353
6.46,0,4.50370,-0.75950,1.57103,0.49578,0.00184,0.00000,
6.46,1,4.27275,-1.78311,1.26608,0.46133,0.50422,0.04934,0.02975
6.46,2,3.39199,-2.37370,0.37979,0.46808,0.67758,0.06044,0.02272
6.48,0,4.50370,-0.74958,1.57107,0.49578,0.00177,0.00000,
6.48,1,4.27555,-1.77433,1.27159,0.45877,0.11269,0.04984,0.03966
6.48,2,3.40025,-2.37025,0.38991,0.43024,0.40051,0.05891,0.03194
6.5,0,4.50370,-0.73966,1.57110,0.49578,0.00170,0.00000,
6.5,1,4.27813,-1.76634,1.27127,0.36994,-0.07612,0.05116,0.04958
6.5,2,3.40741,-2.36723,0.39726,0.31474,0.43364,0.05794,0.04033
6.52,0,4.50369,-0.72975,1.57114,0.49578,0.00164,0.00000,
6.52,1,4.28053,-1.75869,1.27381,0.51042,0.31300,0.05286,0.00992
6.52,2,3.41258,-2.36480,0.40639,0.29048,0.42469,0.05864,0.04835
6.54,0,4.50369,-0.71983,1.57117,0.49578,0.00158,0.00000,
6.54,1,4.28345,-1.74822,1.27945,0.47786,0.46154,0.05171,0.01983
6.54,2,3.41860,-2.36217,0.41482,0.43080,0.59051,0.06061,0.01512
6.56,0,4.50369,-0.70992,1.57120,0.49578,0.00152,0.00000,
6.56,1,4.28618,-1.73958,1.29042,0.45936,0.41682,0.05239,0.02975
6.56,2,3.42638,-2.35838,0.42108,0.38092,0.01478,0.05933,0.02417
6.58,0,4.50368,-0.70000,1.57123,0.49578,0.00147,0.00000,
6.58,1,4.28884,-1.73169,1.29150,0.35214,-0.17529,0.05382,0.03966
6.58,2,3.43315,-2.35461,0.42262,0.39297,0.17837,0.05842,0.03250
6.6,0,4.50368,-0.69009,1.57126,0.49578,0.00141,0.00000,
6.6,1,4.29122,-1.72494,1.28827,0.36482,-0.06966,0.05643,0.04958
6.6,2,3.43985,-2.35135,0.42965,0.32526,0.48867,0.05699,0.03966
6.62,0,4.50367,-0.68017,1.57129,0.49578,0.00136,0.00000,
6.62,1,4.29352,-1.71650,1.29286,0.51799,0.75514,0.05742,0.00992
6.62,2,3.44580,-2.34859,0.43806,0.32945,0.36979,0.05744,0.04839
6.64,0,4.50367,-0.67026,1.57131,0.49578,0.00131,0.00000,
6.64,1,4.29595,-1.70642,1.30799,0.51826,0.75623,0.05678,0.01983
6.64,2,3.45216,-2.34563,0.44608,0.43152,0.59646,0.05857,0.01538
6.66,0,4.50366,-0.66034,1.57134,0.49578,0.00126,0.00000,
6.66,1,4.29865,-1.69687,1.32174,0.48288,0.50010,0.05661,0.02975
6.66,2,3.46031,-2.34161,0.45666,0.41013,0.29788,0.05759,0.02531
6.68,0,4.50366,-0.65042,1.57136,0.49578,0.00122,0.00000,
6.68,1,4.30139,-1.68731,1.32345,0.44093,-0.25097,0.05643,0.03966
6.68,2,3.46772,-2.33785,0.46394,0.40942,0.40099,0.05745,0.03524
6.7,0,4.50365,-0.64051,1.57139,0.49578,0.00117,0.00000,
6.7,1,4.30366,-1.67970,1.32021,0.40236,0.05057,0.05826,0.04958
6.7,2,3.47460,-2.33437,0.47199,0.33361,0.43009,0.05637,0.04318
6.72,0,4.50365,-0.63059,1.57141,0.49578,0.00113,0.00000,
6.72,1,4.30575,-1.67112,1.32437,0.57172,0.34323,0.05918,0.00992
6.72,2,3.47992,-2.33155,0.47993,0.30385,0.32926,0.05744,0.05201
6.74,0,4.50364,-0.62068,1.57143,0.49578,0.00109,0.00000,
6.74,1,4.30824,-1.66047,1.33739,0.50863,0.76137,0.05799,0.01983
6.74,2,3.48584,-2.32843,0.48386,0.43251,-0.17621,0.05948,0.01571
6.76,0,4.50364,-0.61076,1.57145,0.49578,0.00105,0.00000,
6.76,1,4.31097,-1.65049,1.35030,0.52690,0.52130,0.05743,0.02975
6.76,2,3.49369,-2.32443,0.47424,0.39499,-0.54132,0.05931,0.02606
6.78,0,4.50363,-0.60085,1.57147,0.49578,0.00101,0.00000,
6.78,1,4.31348,-1.64049,1.35508,0.49500,0.02756,0.05689,0.03966
6.78,2,3.50028,-2.32104,0.46341,0.36293,-0.47663,0.06039,0.03636
6.8,0,4.50362,-0.59154,1.57150,0.46629,0.00102,0.00000,
6.8,1,4.31539,-1.63262,1.35278,0.38935,-0.03943,0.05796,0.04897
6.8,2,3.50661,-2.31796,0.46368,0.31002,0.46298,0.06011,0.04446
6.82,0,4.50362,-0.58211,1.57151,0.47436,0.00086,0.00000,
6.82,1,4.31715,-1.62447,1.35470,0.48960,0.23268,0.05890,0.00943
6.82,2,3.51189,-2.31525,0.47555,0.31358,0.54107,0.06095,0.05280
6.84,0,4.50361,-0.57272,1.57153,0.44091,0.00069,0.00000,
6.84,1,4.31939,-1.61456,1.36061,0.49174,0.25742,0.05800,0.01882
6.84,2,3.51748,-2.31226,0.48316,0.36533,0.39642,0.06293,0.01454
6.86,0,4.50360,-0.56325,1.57155,0.50981,0.00093,0.00000,
6.86,1,4.32154,-1.60485,1.36214,0.48809,-0.01474,0.05738,0.02829
6.86,2,3.52452,-2.30873,0.48500,0.39420,0.08802,0.06335,0.02450
6.88,0,4.50359,-0.55271,1.57157,0.53100,0.00090,0.00000,
6.88,1,4.32349,-1.59578,1.36205,0.44565,0.02746,0.05850,0.03884
6.88,2,3.53121,-2.30523,0.48951,0.39168,0.44249,0.06350,0.03377
6.9,0,4.50359,-0.54228,1.57158,0.51150,0.00079,0.00000,
6.9,1,4.32519,-1.58890,1.36071,0.33341,-0.05964,0.06171,0.04926
6.9,2,3.53825,-2.30143,0.50041,0.40128,0.55446,0.06158,0.04085
6.92,0,4.50358,-0.53221,1.57160,0.49985,0.00076,0.00000,
6.92,1,4.32678,-1.58194,1.36085,0.34694,0.20427,0.06451,0.01007
6.92,2,3.54455,-2.29793,0.51156,0.30443,0.70255,0.06043,0.00374
6.94,0,4.50357,-0.52220,1.57161,0.50232,0.00075,0.00000,
6.94,1,4.32829,-1.57555,1.35926,0.34354,-0.13434,0.06783,0.02008
6.94,2,3.54940,-2.29519,0.52719,0.28008,0.67770,0.06045,0.01031
6.96,0,4.50356,-0.51268,1.57163,0.47425,0.00080,0.00000,
6.96,1,4.32994,-1.56834,1.35987,0.44576,0.08842,0.06984,0.02960
6.96,2,3.55466,-2.29211,0.53674,0.32316,0.35797,0.06062,0.01770
6.98,0,4.50355,-0.50307,1.57164,0.48407,0.00061,0.00000,
6.98,1,4.33206,-1.55849,1.36189,0.52192,0.10105,0.06926,0.03921
6.98,2,3.56033,-2.28873,0.54352,0.32997,0.35639,0.06245,0.02778
7.0,0,4.50355,-0.49338,1.57166,0.48333,0.00063,0.00000,
7.0,1,4.33411,-1.54888,1.36427,0.49150,0.07857,0.06900,0.04890
7.0,2,3.56583,-2.28541,0.55139,0.31313,0.41417,0.06430,0.03761
7.02,0,4.50354,-0.48376,1.57167,0.48004,0.00065,0.00000,
7.02,1,4.33609,-1.53946,1.36551,0.47120,0.06151,0.06890,0.05853
7.02,2,3.57112,-2.28216,0.55889,0.38974,0.37425,0.06620,0.00476
7.04,0,4.50353,-0.47428,1.57168,0.47869,0.00059,0.00000,
7.04,1,4.33824,-1.52904,1.36831,0.60056,0.20783,0.06763,0.01910
7.04,2,3.57813,-2.27760,0.57097,0.40345,0.45656,0.06683,0.01540
7.06,0,4.50352,-0.46442,1.57169,0.50103,0.00063,0.00000,
7.06,1,4.34056,-1.51775,1.37168,0.53003,0.12084,0.06587,0.02897
7.06,2,3.58487,-2.27298,0.57928,0.42217,0.36354,0.06839,0.02692
7.08,0,4.50351,-0.45450,1.57170,0.50157,0.00056,0.00000,
7.08,1,4.34244,-1.50894,1.37270,0.38319,0.00084,0.06667,0.03888
7.08,2,3.59239,-2.26800,0.58668,0.46628,0.37887,0.06712,0.03593
7.1,0,4.50350,-0.44430,1.57172,0.51307,0.00058,0.00000,
7.1,1,4.34406,-1.50125,1.37424,0.40554,0.11743,0.06891,0.04908
7.1,2,3.60010,-2.26285,0.59443,0.45582,0.39072,0.06467,0.04379
7.12,0,4.50349,-0.43409,1.57173,0.50772,0.00053,0.00000,
7.12,1,4.34571,-1.49308,1.37651,0.42097,0.09828,0.07068,0.05930
7.12,2,3.60744,-2.25789,0.60213,0.43392,0.37680,0.06300,0.05212
7.14,0,4.50348,-0.42400,1.57174,0.50284,0.00050,0.00000,
7.14,1,4.34739,-1.48590,1.38058,0.29769,0.27544,0.07332,0.02031
7.14,2,3.61377,-2.25359,0.61365,0.31737,0.72901,0.06185,0.01157
7.16,0,4.50347,-0.41394,1.57175,0.50305,0.00049,0.00000,
7.16,1,4.34899,-1.48046,1.38573,0.22912,0.18723,0.07765,0.03036
7.16,2,3.61851,-2.25042,0.62665,0.30098,0.60685,0.06134,0.01724
7.18,0,4.50346,-0.40386,1.57176,0.50453,0.00048,0.00000,
7.18,1,4.35030,-1.47518,1.38881,0.32415,0.18169,0.08221,0.04044
7.18,2,3.62403,-2.24645,0.63555,0.36586,0.32894,0.05940,0.02268
7.2,0,4.50345,-0.39434,1.57177,0.47293,0.00054,0.00000,
7.2,1,4.35169,-1.46905,1.39542,0.30847,0.40021,0.08537,0.04996
7.2,2,3.62979,-2.24215,0.63978,0.33872,0.07258,0.05774,0.02896
7.22,0,4.50345,-0.38477,1.57178,0.48192,0.00034,0.00000,
7.22,1,4.35305,-1.46288,1.40293,0.34073,0.29002,0.08855,0.00957
7.22,2,3.63586,-2.23754,0.64516,0.41156,0.41527,0.05568,0.00323
7.24,0,4.50344,-0.37512,1.57179,0.48200,0.00039,0.00000,
7.24,1,4.35448,-1.45498,1.40540,0.43151,0.05267,0.09008,0.01922
7.24,2,3.64033,-2.23423,0.64163,0.26115,-0.27519,0.05699,0.01126
7.26,0,4.50343,-0.36551,1.57179,0.47918,0.00042,0.00000,
7.26,1,4.35611,-1.44540,1.40549,0.50805,-0.00067,0.08989,0.02883
7.26,2,3.64367,-2.23159,0.63914,0.16389,0.12639,0.06098,0.02098
7.28,0,4.50342,-0.35602,1.57180,0.48720,0.00041,0.00000,
7.28,1,4.35772,-1.43574,1.40618,0.46365,0.06797,0.08951,0.03832
7.28,2,3.64566,-2.22987,0.64570,0.06394,1.00299,0.06661,0.03076
7.3,0,4.50341,-0.34618,1.57181,0.49325,0.00033,0.00000,
7.3,1,4.35921,-1.42675,1.40748,0.45183,0.05863,0.09014,0.04816
7.3,2,3.64723,-2.22877,0.66561,0.11599,1.07633,0.07245,0.03988
7.32,0,4.50340,-0.33603,1.57182,0.51441,0.00041,0.00000,
7.32,1,4.36072,-1.41886,1.40948,0.33906,0.06741,0.09219,0.01015
7.32,2,3.64960,-2.22670,0.67597,0.25195,0.11141,0.07624,0.00343
7.34,0,4.50339,-0.32577,1.57182,0.50968,0.00036,0.00000,
7.34,1,4.36222,-1.41334,1.40691,0.20741,-0.49714,0.09669,0.02041
7.34,2,3.65373,-2.22319,0.68207,0.27197,0.29132,0.07602,0.00915
7.36,0,4.50338,-0.31567,1.57183,0.50214,0.00033,0.00000,
7.36,1,4.36367,-1.40971,1.39476,0.20389,-0.55389,0.10293,0.03051
7.36,2,3.65826,-2.21995,0.68402,0.28043,-0.07216,0.07429,0.01303
7.38,0,4.50337,-0.30564,1.57184,0.50142,0.00032,0.00000,
7.38,1,4.36485,-1.40438,1.39171,0.30231,0.19076,0.10743,0.04054
7.38,2,3.66388,-2.21551,0.68466,0.41710,0.20322,0.07206,0.01848
7.4,0,4.50335,-0.29559,1.57184,0.50343,0.00032,0.00000,
7.4,1,4.36603,-1.39743,1.39730,0.36419,0.28598,0.11036,0.05059
7.4,2,3.67063,-2.20991,0.69171,0.43672,0.41400,0.06945,0.02550
7.42,0,4.50334,-0.28551,1.57185,0.50419,0.00030,0.00000,
7.42,1,4.36747,-1.38887,1.40206,0.59384,0.22410,0.11169,0.01008
7.42,2,3.67695,-2.20461,0.69948,0.39256,0.35170,0.06876,0.03417
7.44,0,4.50333,-0.27601,1.57186,0.47197,0.00038,0.00000,
7.44,1,4.36930,-1.37639,1.41354,0.61275,0.65898,0.10852,0.01959
7.44,2,3.68266,-2.19977,0.70645,0.35062,0.44737,0.07211,0.01765
7.46,0,4.50332,-0.26645,1.57186,0.48093,0.00017,0.00000,
7.46,1,4.37121,-1.36472,1.42509,0.58450,0.35075,0.10618,0.02914
7.46,2,3.68727,-2.19593,0.71477,0.30481,0.41304,0.07643,0.02948
7.48,0,4.50331,-0.25682,1.57187,0.48121,0.00024,0.00000,
7.48,1,4.37286,-1.35392,1.42609,0.45767,-0.17716,0.10483,0.03877
7.48,2,3.69217,-2.19168,0.72189,0.33698,0.30817,0.07943,0.04040
7.5,0,4.50330,-0.24727,1.57187,0.45989,0.00012,0.00000,
7.5,1,4.37430,-1.34587,1.42306,0.41520,-0.10153,0.10615,0.04833
7.5,2,3.69725,-2.18720,0.72749,0.33534,0.27151,0.07992,0.04858
7.52,0,4.50329,-0.23770,1.57188,0.49152,0.00029,0.00000,
7.52,1,4.37578,-1.33651,1.42374,0.48632,0.15284,0.10618,0.00956
7.52,2,3.70205,-2.18289,0.73163,0.34124,0.28617,0.08179,0.05806
7.54,0,4.50328,-0.22785,1.57188,0.50263,0.00024,0.00000,
7.54,1,4.37730,-1.32698,1.42701,0.51347,0.09284,0.10633,0.01942
7.54,2,3.70801,-2.17757,0.74181,0.42902,0.84526,0.08233,0.01462
7.56,0,4.50327,-0.21761,1.57189,0.51470,0.00027,0.00000,
7.56,1,4.37881,-1.31671,1.42773,0.51133,0.01676,0.10613,0.02966
7.56,2,3.71423,-2.17176,0.75558,0.42870,0.41856,0.08295,0.02500
7.58,0,4.50326,-0.20739,1.57189,0.50629,0.00022,0.00000,
7.58,1,4.38020,-1.30701,1.42838,0.47349,0.04868,0.10648,0.03987
7.58,2,3.72100,-2.16536,0.76131,0.48492,0.22440,0.08227,0.03480
7.6,0,4.50325,-0.19735,1.57190,0.50039,0.00020,0.00000,
7.6,1,4.38151,-1.29832,1.42901,0.39451,-0.00451,0.10768,0.04992
7.6,2,3.72797,-2.15874,0.76602,0.47028,0.25904,0.08048,0.04359
7.62,0,4.50324,-0.18734,1.57190,0.50121,0.00021,0.00000,
7.62,1,4.38273,-1.29022,1.42991,0.42151,0.07356,0.10945,0.01001
7.62,2,3.73452,-2.15245,0.77166,0.44343,0.29082,0.07871,0.05178
7.64,0,4.50323,-0.17729,1.57190,0.50316,0.00020,0.00000,
7.64,1,4.38399,-1.28248,1.43198,0.36392,0.06159,0.11161,0.02006
7.64,2,3.74051,-2.14667,0.77888,0.35555,0.55148,0.07744,0.01200
7.66,0,4.50322,-0.16722,1.57191,0.50346,0.00019,0.00000,
7.66,1,4.38525,-1.27455,1.43184,0.44387,-0.01117,0.11360,0.03013
7.66,2,3.74482,-2.14267,0.78883,0.26649,0.44441,0.07878,0.02003
7.68,0,4.50320,-0.15753,1.57192,0.46762,0.00042,0.00000,
7.68,1,4.38657,-1.26533,1.43280,0.45945,0.10925,0.11392,0.03982
7.68,2,3.74897,-2.13862,0.79731,0.31723,0.30418,0.08129,0.02935
7.7,0,4.50319,-0.14805,1.57192,0.47844,0.00008,0.00000,
7.7,1,4.38799,-1.25532,1.43435,0.52648,0.05567,0.11325,0.04930
7.7,2,3.75380,-2.13374,0.80153,0.33834,0.14681,0.08343,0.03946
7.72,0,4.50318,-0.13844,1.57192,0.48121,0.00011,0.00000,
7.72,1,4.38958,-1.24351,1.43637,0.62774,0.18867,0.11090,0.00961
7.72,2,3.75960,-2.12766,0.80268,0.52504,-0.40223,0.08563,0.00643
7.74,0,4.50317,-0.12884,1.57192,0.47858,0.00018,0.00000,
7.74,1,4.39134,-1.23106,1.43907,0.62029,0.07677,0.10788,0.01921
7.74,2,3.76663,-2.12022,0.79530,0.47088,-0.28540,0.08668,0.01900
7.76,0,4.50316,-0.11946,1.57192,0.49105,0.00017,0.00000,
7.76,1,4.39287,-1.21991,1.43961,0.45855,-0.05977,0.10597,0.02859
7.76,2,3.77339,-2.11363,0.78926,0.47343,-0.30094,0.08742,0.03025
7.78,0,4.50315,-0.10924,1.57193,0.51899,0.00024,0.00000,
7.78,1,4.39423,-1.21202,1.43733,0.40102,-0.10609,0.10815,0.03881
7.78,2,3.78062,-2.10684,0.78771,0.52545,0.19129,0.08500,0.03825
7.8,0,4.50314,-0.09894,1.57193,0.50883,0.00014,0.00000,
7.8,1,4.39541,-1.20374,1.43732,0.43340,0.07641,0.11004,0.04911
7.8,2,3.78842,-2.09894,0.79559,0.56904,0.46554,0.08159,0.04662
7.82,0,4.50313,-0.08890,1.57194,0.49780,0.00012,0.00000,
7.82,1,4.39657,-1.19583,1.44069,0.32581,0.07752,0.11205,0.01004
7.82,2,3.79607,-2.09098,0.80295,0.52886,-0.19589,0.07791,0.00344
7.84,0,4.50312,-0.07896,1.57194,0.49771,0.00013,0.00000,
7.84,1,4.39770,-1.18907,1.44091,0.38191,-0.05599,0.11510,0.01998
7.84,2,3.80385,-2.08222,0.80249,0.58552,-0.02143,0.07255,0.01029
7.86,0,4.50310,-0.06897,1.57194,0.50091,0.00013,0.00000,
7.86,1,4.39893,-1.18046,1.44120,0.50885,0.05117,0.11636,0.02997
7.86,2,3.81153,-2.07416,0.80892,0.52495,0.66514,0.06945,0.01899
7.88,0,4.50309,-0.05894,1.57194,0.50182,0.00013,0.00000,
7.88,1,4.40037,-1.16979,1.44295,0.54370,0.10095,0.11559,0.04000
7.88,2,3.81803,-2.06847,0.82105,0.35174,0.37393,0.07086,0.02975
7.9,0,4.50308,-0.04891,1.57195,0.50114,0.00012,0.00000,
7.9,1,4.40179,-1.15887,1.44437,0.54388,0.05532,0.11457,0.05003
7.9,2,3.82265,-2.06358,0.82634,0.30518,0.18383,0.07420,0.04077
7.92,0,4.50307,-0.03889,1.57195,0.50068,0.00012,0.00000,
7.92,1,4.40326,-1.14610,1.44630,0.74956,0.13749,0.11170,0.01002
7.92,2,3.82702,-2.05861,0.83000,0.38179,0.25160,0.07922,0.05361
7.94,0,4.50306,-0.02956,1.57196,0.47172,0.00013,0.00000,
7.94,1,4.40501,-1.13244,1.45003,0.64607,0.26932,0.10723,0.01935
7.94,2,3.83330,-2.05171,0.83678,0.50681,0.40474,0.08255,0.02095
7.96,0,4.50305,-0.02003,1.57196,0.47929,-0.00000,0.00000,
7.96,1,4.40655,-1.12033,1.45455,0.57553,0.13135,0.10453,0.02888
7.96,2,3.84018,-2.04427,0.84486,0.50674,0.40415,0.08371,0.03316
7.98,0,4.50304,-0.01045,1.57196,0.47829,0.00009,0.00000,
7.98,1,4.40786,-1.11179,1.45393,0.41201,-0.05980,0.10545,0.03846
7.98,2,3.84677,-2.03681,0.85131,0.54777,-0.04005,0.08189,0.04180
8.0,0,4.50302,-0.00113,1.57196,0.47781,0.00005,0.00000,
8.0,1,4.40908,-1.10338,1.45273,0.44122,-0.01432,0.10625,0.04778
8.0,2,3.85557,-2.02690,0.84631,0.68955,-0.03874,0.07670,0.05030
8.02,0,4.50301,0.00894,1.57196,0.51616,0.00020,0.00000,
8.02,1,4.41014,-1.09426,1.45374,0.49977,0.10437,0.10710,0.01007
8.02,2,3.86419,-2.01691,0.84990,0.61836,0.35030,0.07208,0.05948
8.04,0,4.50300,0.01924,1.57196,0.51038,0.00010,0.00000,
8.04,1,4.41136,-1.08311,1.45793,0.57948,0.25952,0.10616,0.02037
8.04,2,3.87160,-2.00846,0.85675,0.52815,-0.33355,0.07126,0.01588
8.06,0,4.50299,0.02930,1.57196,0.49753,0.00006,0.00000,
8.06,1,4.41262,-1.07181,1.46282,0.54426,0.19394,0.10481,0.03042
8.06,2,3.87881,-2.00018,0.84590,0.54884,-0.54239,0.07090,0.02726
8.08,0,4.50298,0.03921,1.57197,0.49565,0.00008,0.00000,
8.08,1,4.41375,-1.06144,1.46435,0.50266,0.00836,0.10426,0.04034
8.08,2,3.88516,-1.99275,0.83577,0.47438,-0.49741,0.07086,0.03769
8.1,0,4.50297,0.04916,1.57197,0.49888,0.00009,0.00000,
8.1,1,4.41477,-1.05291,1.46332,0.39465,-0.04253,0.10559,0.05028
8.1,2,3.89046,-1.98610,0.82561,0.41071,-0.34001,0.07040,0.04628
8.12,0,4.50295,0.05916,1.57197,0.50033,0.00008,0.00000,
8.12,1,4.41572,-1.04463,1.46633,0.40001,0.43478,0.10723,0.01000
8.12,2,3.89531,-1.98092,0.82505,0.30787,0.13922,0.07119,0.00426
8.14,0,4.50294,0.06916,1.57197,0.49978,0.00007,0.00000,
8.14,1,4.41638,-1.03654,1.47537,0.41485,0.43949,0.10908,0.02000
8.14,2,3.89989,-1.97589,0.83335,0.37210,0.54053,0.07198,0.01238
8.16,0,4.50293,0.07915,1.57197,0.49921,0.00007,0.00000,
8.16,1,4.41715,-1.02802,1.47982,0.45541,0.04711,0.11049,0.02999
8.16,2,3.90508,-1.97037,0.84157,0.38770,0.35615,0.07249,0.02093
8.18,0,4.50292,0.08913,1.57197,0.49921,0.00007,0.00000,
8.18,1,4.41814,-1.01785,1.47879,0.53508,-0.06727,0.11022,0.03997
8.18,2,3.91056,-1.96432,0.84985,0.41598,0.45848,0.07399,0.03115
8.2,0,4.50291,0.09912,1.57197,0.49938,0.00007,0.00000,
8.2,1,4.41914,-1.00748,1.47850,0.48737,0.03860,0.10976,0.04996
8.2,2,3.91597,-1.95818,0.85931,0.40068,0.46895,0.07564,0.04156
8.22,0,4.50290,0.10910,1.57198,0.49943,0.00006,0.00000,
8.22,1,4.42004,-0.99673,1.47986,0.69226,0.11862,0.10893,0.00999
8.22,2,3.92117,-1.95214,0.86822,0.46677,0.42621,0.07781,0.00596
8.24,0,4.50288,0.11841,1.57198,0.47058,0.00008,0.00000,
8.24,1,4.42098,-0.98293,1.48465,0.66197,0.28254,0.10439,0.01930
8.24,2,3.92582,-1.94695,0.87816,0.33804,0.45099,0.08375,0.01979
8.26,0,4.50287,0.12792,1.57198,0.47789,-0.00005,0.00000,
8.26,1,4.42199,-0.96984,1.49006,0.63644,0.21872,0.10074,0.02881
8.26,2,3.93029,-1.94178,0.88701,0.34184,0.35591,0.08923,0.03292
8.28,0,4.50286,0.13748,1.57198,0.47688,0.00005,0.00000,
8.28,1,4.42295,-0.95905,1.49119,0.40354,-0.08102,0.09943,0.03836
8.28,2,3.93482,-1.93634,0.89250,0.39096,0.39788,0.09242,0.04376
8.3,0,4.50285,0.14684,1.57198,0.47478,-0.00003,0.00000,
8.3,1,4.42376,-0.95076,1.49048,0.43223,-0.00328,0.10044,0.04772
8.3,2,3.93954,-1.93028,0.89939,0.40623,0.20957,0.09267,0.05208
8.32,0,4.50284,0.15684,1.57198,0.51374,0.00015,0.00000,
8.32,1,4.42453,-0.94180,1.49099,0.48897,0.04826,0.10142,0.01000
8.32,2,3.94491,-1.92371,0.90165,0.43681,0.16624,0.09279,0.06108
8.34,0,4.50283,0.16712,1.57198,0.51045,0.00007,0.00000,
8.34,1,4.42540,-0.93130,1.49324,0.52236,0.13161,0.10115,0.02029
8.34,2,3.95102,-1.91577,0.91125,0.54779,0.68698,0.09281,0.01512
8.36,0,4.50281,0.17719,1.57198,0.49810,0.00003,0.00000,
8.36,1,4.42623,-0.92092,1.49547,0.51540,0.06602,0.10077,0.03035
8.36,2,3.95751,-1.90724,0.92301,0.52955,0.50069,0.09202,0.02552
8.38,0,4.50280,0.18711,1.57199,0.49563,0.00004,0.00000,
8.38,1,4.42700,-0.91173,1.49520,0.39575,-0.06265,0.10145,0.04027
8.38,2,3.96357,-1.89928,0.93107,0.47515,0.35202,0.09088,0.03475
8.4,0,4.50279,0.19705,1.57199,0.49855,0.00005,0.00000,
8.4,1,4.42770,-0.90352,1.49487,0.42528,0.01629,0.10313,0.05021
8.4,2,3.96856,-1.89296,0.93602,0.37184,0.27417,0.09078,0.04299
8.42,0,4.50278,0.20704,1.57199,0.50008,0.00004,0.00000,
8.42,1,4.42839,-0.89499,1.49583,0.34204,0.11681,0.10454,0.00999
8.42,2,3.97317,-1.88685,0.94391,0.39176,0.44833,0.09134,0.00426
8.44,0,4.50277,0.21704,1.57199,0.49965,0.00004,0.00000,
8.44,1,4.42910,-0.88849,1.49434,0.33305,-0.14440,0.10798,0.01999
8.44,2,3.97897,-1.87876,0.95416,0.47612,0.45907,0.08777,0.01079
8.46,0,4.50275,0.22703,1.57199,0.49909,0.00004,0.00000,
8.46,1,4.42988,-0.88113,1.49057,0.44169,-0.12539,0.11055,0.02998
8.46,2,3.98427,-1.87125,0.96342,0.46154,0.43850,0.08577,0.01819
8.48,0,4.50274,0.23701,1.57199,0.49906,0.00004,0.00000,
8.48,1,4.43068,-0.87115,1.49052,0.51763,0.07047,0.11050,0.03996
8.48,2,3.98946,-1.86390,0.97016,0.39328,0.16425,0.08638,0.02820
8.5,0,4.50273,0.24699,1.57199,0.49921,0.00004,0.00000,
8.5,1,4.43152,-0.86042,1.49177,0.53677,0.04426,0.10970,0.04994
8.5,2,3.99397,-1.85779,0.97543,0.38448,0.38862,0.08912,0.03896
8.52,0,4.50272,0.25697,1.57199,0.49927,0.00004,0.00000,
8.52,1,4.43232,-0.85019,1.49225,0.49297,0.01448,0.10940,0.05993
8.52,2,3.99840,-1.85140,0.98389,0.38960,0.40821,0.09120,0.04922
8.54,0,4.50271,0.26696,1.57199,0.49923,0.00003,0.00000,
8.54,1,4.43310,-0.83736,1.49367,0.74373,0.15011,0.10651,0.01997
8.54,2,4.00315,-1.84421,0.99301,0.43919,0.46682,0.09480,0.01787
8.56,0,4.50270,0.27651,1.57200,0.46561,0.00022,0.00000,
8.56,1,4.43392,-0.82376,1.49672,0.60575,0.12850,0.10242,0.02952
8.56,2,4.00792,-1.83678,1.00306,0.47219,0.47682,0.09895,0.03149
8.58,0,4.50268,0.28595,1.57200,0.47601,-0.00009,0.00000,
8.58,1,4.43479,-0.81253,1.49702,0.44351,-0.09218,0.10057,0.03896
8.58,2,4.01335,-1.82831,1.01047,0.51739,0.30065,0.09974,0.04276
8.6,0,4.50267,0.29550,1.57200,0.47776,-0.00002,0.00000,
8.6,1,4.43567,-0.80488,1.49428,0.38158,-0.13991,0.10242,0.04851
8.6,2,4.01879,-1.81967,1.01613,0.49886,0.28825,0.09708,0.05045
8.62,0,4.50266,0.30480,1.57199,0.47052,-0.00007,0.00000,
8.62,1,4.43670,-0.79605,1.49174,0.56456,-0.04283,0.10283,0.00930
8.62,2,4.02337,-1.81258,1.02346,0.25245,0.52710,0.09735,0.00504
8.64,0,4.50265,0.31477,1.57200,0.51361,0.00015,0.00000,
8.64,1,4.43771,-0.78490,1.49328,0.54252,0.12181,0.10159,0.01927
8.64,2,4.02638,-1.80884,1.03359,0.18215,0.41591,0.10347,0.01624
8.66,0,4.50264,0.32506,1.57200,0.51051,0.00005,0.00000,
8.66,1,4.43859,-0.77375,1.49463,0.55456,0.02631,0.10067,0.02956
8.66,2,4.02841,-1.80744,1.04018,0.07319,0.29785,0.11210,0.02743
8.68,0,4.50262,0.33511,1.57200,0.49701,-0.00000,0.00000,
8.68,1,4.43938,-0.76405,1.49427,0.41106,-0.05209,0.10098,0.03961
8.68,2,4.02993,-1.80654,1.04700,0.11288,0.42551,0.12001,0.03716
8.7,0,4.50261,0.34500,1.57200,0.49416,0.00002,0.00000,
8.7,1,4.44012,-0.75575,1.49360,0.42394,-0.00646,0.10253,0.04950
8.7,2,4.03198,-1.80317,1.05618,0.24772,0.56193,0.12413,0.04549
8.72,0,4.50260,0.35492,1.57200,0.49732,0.00003,0.00000,
8.72,1,4.44079,-0.74698,1.49423,0.51825,0.05631,0.10363,0.00992
8.72,2,4.03465,-1.79818,1.06824,0.28670,0.60569,0.12694,0.05429
8.74,0,4.50259,0.36489,1.57200,0.49903,0.00002,0.00000,
8.74,1,4.44144,-0.74035,1.49533,0.31111,0.01073,0.10693,0.01989
8.74,2,4.03733,-1.79246,1.08639,0.34402,0.74569,0.12706,0.01117
8.76,0,4.50258,0.37487,1.57200,0.49858,0.00002,0.00000,
8.76,1,4.44218,-0.73360,1.49339,0.38739,-0.13974,0.11011,0.02986
8.76,2,4.04127,-1.78515,1.09484,0.43530,0.65427,0.12539,0.01796
8.78,0,4.50257,0.38483,1.57200,0.49795,0.00002,0.00000,
8.78,1,4.44290,-0.72463,1.49245,0.46652,0.04376,0.11107,0.03983
8.78,2,4.04524,-1.77695,1.10683,0.52180,-0.06837,0.12495,0.02695
8.8,0,4.50255,0.39479,1.57200,0.49791,0.00002,0.00000,
8.8,1,4.44367,-0.71501,1.49406,0.51441,0.07195,0.11136,0.04979
8.8,2,4.05042,-1.76656,1.09380,0.56416,-0.48740,0.12268,0.03661
8.82,0,4.50254,0.40475,1.57200,0.49808,0.00002,0.00000,
8.82,1,4.44447,-0.70136,1.49738,0.70756,0.27792,0.10763,0.00996
8.82,2,4.05496,-1.75767,1.09431,0.45024,0.35083,0.12584,0.05028
8.84,0,4.50253,0.41471,1.57200,0.49814,0.00002,0.00000,
8.84,1,4.44527,-0.68749,1.50312,0.65565,0.31456,0.10369,0.01992
8.84,2,4.05971,-1.74817,1.10290,0.54954,0.41329,0.12858,0.02115
8.86,0,4.50252,0.42467,1.57200,0.49811,0.00002,0.00000,
8.86,1,4.44624,-0.67478,1.50872,0.60654,0.17209,0.10090,0.02989
8.86,2,4.06455,-1.73880,1.11133,0.51927,0.32032,0.13041,0.03390
8.88,0,4.50251,0.43464,1.57200,0.49808,0.00002,0.00000,
8.88,1,4.44701,-0.66564,1.50910,0.38747,-0.01071,0.10168,0.03985
8.88,2,4.07014,-1.72776,1.11390,0.70814,0.07510,0.12700,0.04307
8.9,0,4.50249,0.44460,1.57200,0.49809,0.00002,0.00000,
8.9,1,4.44771,-0.65785,1.50866,0.40089,-0.03495,0.10381,0.04981
8.9,2,4.07691,-1.71421,1.11871,0.81378,0.23992,0.11955,0.05089
8.92,0,4.50248,0.45456,1.57200,0.49809,0.00002,0.00000,
8.92,1,4.44827,-0.64847,1.50885,0.57833,0.10285,0.10436,0.00996
8.92,2,4.08405,-1.69981,1.12390,0.67019,0.38204,0.11264,0.00526
8.94,0,4.50247,0.46390,1.57201,0.46827,0.00007,0.00000,
8.94,1,4.44882,-0.63673,1.51197,0.58756,0.15613,0.10195,0.01931
8.94,2,4.09010,-1.68839,1.12796,0.63409,0.32547,0.11115,0.01701
8.96,0,4.50246,0.47337,1.57201,0.47645,-0.00011,0.00000,
8.96,1,4.44938,-0.62505,1.51511,0.56147,0.16326,0.09970,0.02878
8.96,2,4.09529,-1.68055,1.12613,0.42420,-0.19084,0.11332,0.02871
8.98,0,4.50245,0.48291,1.57200,0.47600,-0.00001,0.00000,
8.98,1,4.45000,-0.61451,1.51680,0.47304,-0.02322,0.09867,0.03831
8.98,2,4.10000,-1.67338,1.12267,0.42689,-0.10287,0.11522,0.03927
9.0,0,4.50243,0.49226,1.57200,0.49320,0.00007,0.00000,
9.0,1,4.45058,-0.60579,1.51589,0.45456,-0.01799,0.09927,0.04767
9.0,2,4.10366,-1.66627,1.12644,0.38268,0.39787,0.11578,0.04801
9.02,0,4.50242,0.50246,1.57200,0.51555,0.00011,0.00000,
9.02,1,4.45111,-0.59481,1.51649,0.64642,0.06098,0.09847,0.01020
9.02,2,4.10738,-1.65861,1.13270,0.44979,0.24424,0.11795,0.05900
9.04,0,4.50241,0.51266,1.57201,0.50355,-0.00000,0.00000,
9.04,1,4.45165,-0.58384,1.51870,0.50888,0.12428,0.09768,0.02040
9.04,2,4.11152,-1.64966,1.13915,0.53243,0.60536,0.11877,0.01724
9.06,0,4.50240,0.52260,1.57200,0.49366,-0.00001,0.00000,
9.06,1,4.45221,-0.57395,1.51961,0.41121,-0.04262,0.09771,0.03034
9.06,2,4.11589,-1.64007,1.15134,0.52174,0.46088,0.11791,0.02714
9.08,0,4.50239,0.53247,1.57200,0.49442,0.00001,0.00000,
9.08,1,4.45273,-0.56601,1.51899,0.40394,-0.02533,0.09960,0.04021
9.08,2,4.12005,-1.63085,1.15727,0.50735,0.18131,0.11560,0.03510
9.1,0,4.50237,0.54240,1.57201,0.49753,0.00001,0.00000,
9.1,1,4.45320,-0.55758,1.51874,0.43662,0.00316,0.10108,0.05013
9.1,2,4.12431,-1.62120,1.15968,0.53577,0.12669,0.11331,0.04354
9.12,0,4.50236,0.55236,1.57201,0.49816,0.00001,0.00000,
9.12,1,4.45366,-0.54797,1.51997,0.59317,0.35525,0.10141,0.00996
9.12,2,4.12854,-1.61149,1.16329,0.52082,0.21751,0.11210,0.05316
9.14,0,4.50235,0.56232,1.57201,0.49743,0.00001,0.00000,
9.14,1,4.45412,-0.53612,1.52713,0.59320,0.35626,0.09949,0.01992
9.14,2,4.13216,-1.60319,1.16967,0.38533,0.39397,0.11459,0.01706
9.16,0,4.50234,0.57226,1.57201,0.49704,0.00001,0.00000,
9.16,1,4.45481,-0.52527,1.53148,0.54421,0.01714,0.09856,0.02986
9.16,2,4.13499,-1.59756,1.17194,0.30388,-0.03631,0.11897,0.02793
9.18,0,4.50233,0.58220,1.57201,0.49715,0.00001,0.00000,
9.18,1,4.45561,-0.51506,1.52958,0.40146,-0.12683,0.09826,0.03980
9.18,2,4.13777,-1.59175,1.17186,0.35418,0.07966,0.12263,0.03817
9.2,0,4.50231,0.59215,1.57201,0.49729,0.00001,0.00000,
9.2,1,4.45597,-0.50672,1.52906,0.42973,0.05204,0.09984,0.04975
9.2,2,4.14082,-1.58470,1.17675,0.37772,0.43806,0.12311,0.04652
9.22,0,4.50230,0.60209,1.57201,0.49730,0.00001,0.00000,
9.22,1,4.45622,-0.49828,1.53018,0.41716,0.03887,0.10133,0.05969
9.22,2,4.14427,-1.57664,1.18337,0.48066,0.20212,0.12258,0.05496
9.24,0,4.50229,0.61204,1.57201,0.49726,0.00001,0.00000,
9.24,1,4.45653,-0.48644,1.53089,0.66628,0.04685,0.09943,0.01989
9.24,2,4.14854,-1.56571,1.18984,0.61097,0.48223,0.12236,0.01593
9.26,0,4.50228,0.62198,1.57201,0.49725,0.00001,0.00000,
9.26,1,4.45683,-0.47384,1.53210,0.61539,0.06612,0.09676,0.02984
9.26,2,4.15302,-1.55475,1.20057,0.57527,0.56567,0.12280,0.02854
9.28,0,4.50227,0.63193,1.57201,0.49726,0.00001,0.00000,
9.28,1,4.45718,-0.46216,1.53320,0.56503,0.02009,0.09502,0.03978
9.28,2,4.15718,-1.54446,1.20743,0.52876,0.16941,0.12310,0.04022
9.3,0,4.50225,0.64187,1.57201,0.49726,0.00001,0.00000,
9.3,1,4.45757,-0.45288,1.53252,0.36041,-0.06747,0.09566,0.04973
9.3,2,4.16055,-1.53666,1.20640,0.39966,0.04060,0.12375,0.04951
9.32,0,4.50224,0.65182,1.57201,0.49726,0.00001,0.00000,
9.32,1,4.45800,-0.44464,1.53245,0.47910,0.17905,0.09735,0.00995
9.32,2,4.16357,-1.52897,1.21068,0.42279,0.28401,0.12360,0.05776
9.34,0,4.50223,0.66176,1.57201,0.49726,0.00001,0.00000,
9.34,1,4.45847,-0.43585,1.53501,0.42816,0.07089,0.09848,0.01989
9.34,2,4.16661,-1.52096,1.21761,0.43041,0.39217,0.12367,0.01334
9.36,0,4.50222,0.67171,1.57201,0.49726,0.00001,0.00000,
9.36,1,4.45887,-0.42580,1.53505,0.54398,-0.03481,0.09836,0.02984
9.36,2,4.16949,-1.51318,1.22388,0.40000,0.24825,0.12523,0.02340
9.38,0,4.50221,0.68165,1.57201,0.49726,0.00001,0.00000,
9.38,1,4.45924,-0.41494,1.53431,0.52828,-0.02920,0.09744,0.03978
9.38,2,4.17234,-1.50534,1.22669,0.42616,0.09873,0.12751,0.03426
9.4,0,4.50219,0.69137,1.57201,0.46078,0.00035,0.00000,
9.4,1,4.45958,-0.40492,1.53402,0.48293,-0.00551,0.09712,0.04950
9.4,2,4.17521,-1.49734,1.22910,0.42015,0.14776,0.12883,0.04429
9.42,0,4.50218,0.70071,1.57201,0.47188,-0.00007,0.00000,
9.42,1,4.45993,-0.39610,1.53374,0.50035,0.00948,0.09763,0.00934
9.42,2,4.17796,-1.48959,1.23246,0.40451,0.17485,0.12926,0.05311
9.44,0,4.50217,0.71021,1.57201,0.47628,-0.00008,0.00000,
9.44,1,4.46033,-0.38540,1.53411,0.52737,0.01408,0.09641,0.01884
9.44,2,4.18069,-1.48215,1.23166,0.34333,-0.42173,0.13184,0.01528
9.46,0,4.50216,0.71950,1.57201,0.46252,-0.00016,0.00000,
9.46,1,4.46070,-0.37611,1.53435,0.47236,-0.00547,0.09639,0.02813
9.46,2,4.18333,-1.47580,1.22325,0.34347,-0.42188,0.13413,0.02458
9.48,0,4.50215,0.72936,1.57201,0.51053,0.00013,0.00000,
9.48,1,4.46106,-0.36643,1.53407,0.48716,-0.01424,0.09656,0.03799
9.48,2,4.18559,-1.47060,1.21666,0.26853,-0.07435,0.13802,0.03426
9.5,0,4.50213,0.73963,1.57201,0.51050,0.00004,0.00000,
9.5,1,4.46141,-0.35749,1.53370,0.40388,-0.02122,0.09788,0.04826
9.5,2,4.18783,-1.46485,1.22314,0.31075,0.56310,0.14065,0.04320
9.52,0,4.50212,0.74968,1.57201,0.49641,-0.00003,0.00000,
9.52,1,4.46173,-0.34929,1.53361,0.41638,0.00397,0.09971,0.05831
9.52,2,4.19004,-1.45894,1.23185,0.31900,0.44514,0.14243,0.00414
9.54,0,4.50211,0.75955,1.57201,0.49250,-0.00001,0.00000,
9.54,1,4.46204,-0.34119,1.53397,0.34713,-0.04682,0.10147,0.01991
9.54,2,4.19257,-1.45095,1.25466,0.45511,0.85620,0.14200,0.01224
9.56,0,4.50210,0.76943,1.57201,0.49554,0.00001,0.00000,
9.56,1,4.46231,-0.33361,1.53145,0.42552,-0.11197,0.10375,0.02979
9.56,2,4.19564,-1.44224,1.26203,0.50591,-0.01656,0.14025,0.01983
9.58,0,4.50209,0.77936,1.57201,0.49752,0.00000,0.00000,
9.58,1,4.46270,-0.32416,1.53079,0.49685,0.02003,0.10422,0.03973
9.58,2,4.19887,-1.43228,1.26009,0.51956,-0.04754,0.13910,0.02929
9.6,0,4.50207,0.78931,1.57201,0.49718,-0.00000,0.00000,
9.6,1,4.46311,-0.31469,1.53165,0.50833,0.02680,0.10469,0.04968
9.6,2,4.20182,-1.42340,1.26042,0.42134,0.04817,0.13908,0.03876
9.62,0,4.50206,0.79925,1.57201,0.49651,0.00000,0.00000,
9.62,1,4.46354,-0.30383,1.53178,0.62762,0.01013,0.10375,0.00994
9.62,2,4.20446,-1.41538,1.26384,0.42447,0.22213,0.14134,0.04963
9.64,0,4.50205,0.80918,1.57201,0.49642,0.00000,0.00000,
9.64,1,4.46403,-0.28985,1.53238,0.66062,0.04206,0.09968,0.01986
9.64,2,4.20723,-1.40634,1.26862,0.57171,0.35466,0.14564,0.01961
9.66,0,4.50204,0.81911,1.57201,0.49659,0.00000,0.00000,
9.66,1,4.46451,-0.27769,1.53277,0.55858,0.00384,0.09743,0.02979
9.66,2,4.21073,-1.39533,1.27721,0.52254,0.49605,0.14610,0.03179
9.68,0,4.50203,0.82904,1.57201,0.49667,0.00000,0.00000,
9.68,1,4.46491,-0.26783,1.53255,0.38205,-0.04481,0.09750,0.03973
9.68,2,4.21415,-1.38532,1.28583,0.54286,0.29208,0.14528,0.04165
9.7,0,4.50201,0.83897,1.57201,0.49664,0.00000,0.00000,
9.7,1,4.46530,-0.26111,1.53140,0.33557,-0.06530,0.10069,0.04966
9.7,2,4.21737,-1.37501,1.28712,0.50764,-0.09708,0.14117,0.04838
9.72,0,4.50200,0.84891,1.57201,0.49661,0.00000,0.00000,
9.72,1,4.46583,-0.25084,1.53078,0.60007,0.07975,0.10034,0.00993
9.72,2,4.22040,-1.36504,1.28777,0.52681,0.13165,0.14092,0.05867
9.74,0,4.50199,0.85884,1.57201,0.49661,0.00000,0.00000,
9.74,1,4.46637,-0.23985,1.53621,0.54446,0.28194,0.09927,0.01986
9.74,2,4.22376,-1.35258,1.29191,0.73798,0.18258,0.13887,0.01709
9.76,0,4.50198,0.86877,1.57201,0.49662,0.00000,0.00000,
9.76,1,4.46702,-0.22898,1.54138,0.54227,0.19528,0.09831,0.02980
9.76,2,4.22743,-1.34042,1.30121,0.61499,0.51949,0.13697,0.02798
9.78,0,4.50197,0.87870,1.57201,0.49662,0.00000,0.00000,
9.78,1,4.46745,-0.21912,1.54252,0.44474,-0.01322,0.09837,0.03973
9.78,2,4.23099,-1.32877,1.30965,0.56149,0.15961,0.13456,0.03785
9.8,0,4.50195,0.88863,1.57201,0.49662,0.00000,0.00000,
9.8,1,4.46770,-0.21011,1.54192,0.45600,-0.03131,0.09928,0.04966
9.8,2,4.23397,-1.31973,1.30910,0.48026,0.04774,0.13397,0.04686
9.82,0,4.50194,0.89857,1.57201,0.49662,0.00000,0.00000,
9.82,1,4.46793,-0.19932,1.54175,0.69632,0.02368,0.09841,0.00993
9.82,2,4.23661,-1.31032,1.31190,0.46439,0.24168,0.13483,0.05765
9.84,0,4.50193,0.90850,1.57201,0.49662,0.00000,0.00000,
9.84,1,4.46815,-0.18641,1.54380,0.62912,0.11396,0.09543,0.01986
9.84,2,4.23922,-1.30089,1.31563,0.49609,0.16925,0.13775,0.01913
9.86,0,4.50192,0.91843,1.57201,0.49662,0.00000,0.00000,
9.86,1,4.46853,-0.17426,1.54617,0.58151,0.09956,0.09320,0.02980
9.86,2,4.24168,-1.29150,1.31891,0.48437,0.13629,0.14003,0.03128
9.88,0,4.50191,0.92836,1.57201,0.49662,0.00000,0.00000,
9.88,1,4.46891,-0.16383,1.54651,0.39547,-0.03144,0.09270,0.03973
9.88,2,4.24413,-1.28200,1.32090,0.49409,0.07985,0.14054,0.04171
9.9,0,4.50189,0.93830,1.57201,0.49662,0.00000,0.00000,
9.9,1,4.46911,-0.15617,1.54677,0.39667,0.08844,0.09496,0.04966
9.9,2,4.24657,-1.27244,1.32250,0.49039,0.08448,0.13824,0.04938
9.92,0,4.50188,0.94823,1.57201,0.49662,0.00000,0.00000,
9.92,1,4.46928,-0.14713,1.54797,0.54828,-0.17613,0.09585,0.00993
9.92,2,4.24896,-1.26302,1.32439,0.49999,0.13457,0.13743,0.00497
9.94,0,4.50187,0.95816,1.57201,0.49662,0.00000,0.00000,
9.94,1,4.46946,-0.13639,1.54450,0.50581,-0.15336,0.09503,0.01986
9.94,2,4.25165,-1.25230,1.32870,0.55930,0.20743,0.13697,0.01571
9.96,0,4.50186,0.96809,1.57201,0.49662,0.00000,0.00000,
9.96,1,4.46933,-0.12627,1.54328,0.50211,0.01642,0.09485,0.02980
9.96,2,4.25415,-1.24221,1.33148,0.48369,0.08917,0.13650,0.02583
9.98,0,4.50185,0.97803,1.57201,0.49662,0.00000,0.00000,
9.98,1,4.46949,-0.11605,1.54423,0.51471,0.05013,0.09455,0.03973
9.98,2,4.25632,-1.23341,1.33273,0.41113,-0.00391,0.13751,0.03606
10.0,0,4.50183,0.98747,1.57201,0.46460,0.00014,0.00000,
10.0,1,4.46980,-0.10745,1.54437,0.41943,-0.00881,0.09538,0.04917
10.0,2,4.25831,-1.22576,1.33328,0.41099,0.10193,0.13813,0.04466
10.02,0,4.50182,0.99688,1.57201,0.47426,-0.00012,0.00000,
10.02,1,4.47013,-0.09779,1.54427,0.56275,-0.00096,0.09512,0.00941
10.02,2,4.26034,-1.21752,1.33584,0.42925,0.12547,0.13922,0.05432
10.04,0,4.50181,1.00638,1.57201,0.47516,-0.00004,0.00000,
10.04,1,4.47046,-0.08753,1.54351,0.51012,-0.07806,0.09436,0.01892
10.04,2,4.26233,-1.20976,1.33980,0.35580,0.19654,0.14137,0.01559
10.06,0,4.50180,1.01572,1.57201,0.49241,0.00005,0.00000,
10.06,1,4.47072,-0.07749,1.54269,0.49290,-0.00784,0.09366,0.02826
10.06,2,4.26428,-1.20239,1.34171,0.42143,0.02511,0.14368,0.02562
10.08,0,4.50179,1.02590,1.57201,0.51450,0.00010,0.00000,
10.08,1,4.47099,-0.06849,1.54273,0.37504,-0.00966,0.09482,0.03844
10.08,2,4.26643,-1.19354,1.34354,0.51600,0.07855,0.14350,0.03464
10.1,0,4.50177,1.03608,1.57201,0.50233,-0.00001,0.00000,
10.1,1,4.47123,-0.06063,1.54270,0.40902,0.00219,0.09713,0.04861
10.1,2,4.26883,-1.18316,1.34536,0.51300,0.13561,0.14063,0.04250
10.12,0,4.50176,1.04600,1.57201,0.49246,-0.00003,0.00000,
10.12,1,4.47148,-0.05209,1.54282,0.39823,0.02496,0.09851,0.00992
10.12,2,4.27116,-1.17301,1.34720,0.52005,0.06786,0.13868,0.00438
10.14,0,4.50175,1.05584,1.57201,0.49328,-0.00000,0.00000,
10.14,1,4.47171,-0.04547,1.54363,0.33315,0.06222,0.10173,0.01976
10.14,2,4.27360,-1.16226,1.35024,0.55347,0.17029,0.13422,0.01100
10.16,0,4.50174,1.06574,1.57201,0.49640,0.00000,0.00000,
10.16,1,4.47190,-0.03800,1.54486,0.44510,0.03085,0.10415,0.02967
10.16,2,4.27590,-1.15221,1.35245,0.43384,-0.03545,0.13132,0.01848
10.18,0,4.50173,1.07568,1.57201,0.49702,-0.00000,0.00000,
10.18,1,4.47218,-0.02804,1.54481,0.52126,-0.01689,0.10412,0.03961
10.18,2,4.27790,-1.14378,1.35311,0.43747,0.08876,0.13252,0.02844
10.2,0,4.50171,1.08562,1.57201,0.49628,-0.00000,0.00000,
10.2,1,4.47247,-0.01729,1.54446,0.53344,-0.01241,0.10329,0.04954
10.2,2,4.27984,-1.13514,1.35536,0.44431,0.11310,0.13433,0.03920
10.22,0,4.50170,1.09554,1.57201,0.49589,-0.00000,0.00000,
10.22,1,4.47274,-0.00678,1.54440,0.60124,0.01227,0.10270,0.00992
10.22,2,4.28173,-1.12653,1.35724,0.43654,0.07921,0.13592,0.04971
10.24,0,4.50169,1.10545,1.57201,0.49600,-0.00000,0.00000,
10.24,1,4.47304,0.00702,1.54494,0.64259,0.03929,0.09881,0.01984
10.24,2,4.28365,-1.11728,1.35988,0.50873,0.28215,0.14014,0.01912
10.26,0,4.50168,1.11538,1.57201,0.49614,-0.00000,0.00000,
10.26,1,4.47337,0.01958,1.54556,0.59848,0.01500,0.09616,0.02976
10.26,2,4.28570,-1.10770,1.36645,0.49441,0.26492,0.14279,0.03168
10.28,0,4.50167,1.12530,1.57201,0.49615,-0.00000,0.00000,
10.28,1,4.47366,0.02959,1.54530,0.39019,-0.03602,0.09606,0.03968
10.28,2,4.28792,-1.09715,1.36825,0.56112,-0.00260,0.14195,0.04170
10.3,0,4.50165,1.13522,1.57201,0.49611,-0.00000,0.00000,
10.3,1,4.47396,0.03746,1.54435,0.40259,-0.04629,0.09811,0.04961
10.3,2,4.29015,-1.08629,1.36835,0.52690,0.05982,0.13869,0.04957
10.32,0,4.50164,1.14514,1.57201,0.49610,-0.00000,0.00000,
10.32,1,4.47419,0.04669,1.54405,0.61341,0.02564,0.09880,0.00992
10.32,2,4.29226,-1.07599,1.36985,0.52536,0.08082,0.13733,0.05880
10.34,0,4.50163,1.15507,1.57201,0.49611,-0.00000,0.00000,
10.34,1,4.47441,0.05941,1.54523,0.59621,0.07369,0.09600,0.01984
10.34,2,4.29404,-1.06746,1.37263,0.33923,0.05876,0.14121,0.01780
10.36,0,4.50162,1.16499,1.57201,0.49611,-0.00000,0.00000,
10.36,1,4.47464,0.07133,1.54672,0.59548,0.08205,0.09399,0.02977
10.36,2,4.29562,-1.06166,1.36963,0.30431,-0.25303,0.14704,0.02972
10.38,0,4.50161,1.17491,1.57201,0.49611,-0.00000,0.00000,
10.38,1,4.47498,0.08260,1.54840,0.54055,0.04504,0.09264,0.03969
10.38,2,4.29713,-1.05497,1.36772,0.38575,0.05471,0.15139,0.04099
10.4,0,4.50159,1.18483,1.57201,0.49611,-0.00000,0.00000,
10.4,1,4.47520,0.09135,1.54847,0.42115,-0.00802,0.09381,0.04961
10.4,2,4.29878,-1.04726,1.37167,0.41515,0.23709,0.15219,0.04974
10.42,0,4.50158,1.19476,1.57201,0.49611,-0.00000,0.00000,
10.42,1,4.47536,0.10251,1.54951,0.66203,0.16948,0.09256,0.00992
10.42,2,4.30070,-1.03792,1.37417,0.50315,0.05195,0.15373,0.00649
10.44,0,4.50157,1.20468,1.57201,0.49611,-0.00000,0.00000,
10.44,1,4.47555,0.11395,1.55320,0.54107,0.17650,0.09103,0.01984
10.44,2,4.30289,-1.02547,1.38030,0.62991,0.38966,0.15243,0.01793
10.46,0,4.50156,1.21460,1.57201,0.49611,-0.00000,0.00000,
10.46,1,4.47601,0.12482,1.55551,0.54127,0.05074,0.09008,0.02977
10.46,2,4.30519,-1.01344,1.38724,0.60874,0.19579,0.15100,0.02880
10.48,0,4.50155,1.22452,1.57201,0.49611,-0.00000,0.00000,
10.48,1,4.47622,0.13330,1.55574,0.39613,0.04372,0.09152,0.03969
10.48,2,4.30759,-1.00116,1.38754,0.63138,-0.05573,0.14692,0.03728
10.5,0,4.50153,1.23444,1.57201,0.49611,-0.00000,0.00000,
10.5,1,4.47623,0.14154,1.55686,0.42469,0.03218,0.09320,0.04961
10.5,2,4.30978,-0.99011,1.38567,0.54386,-0.01329,0.14382,0.04552
10.52,0,4.50152,1.24437,1.57201,0.49611,-0.00000,0.00000,
10.52,1,4.47629,0.15190,1.55667,0.61084,-0.03909,0.09276,0.00992
10.52,2,4.31183,-0.97931,1.38754,0.55236,0.13714,0.14310,0.05588
10.54,0,4.50151,1.25429,1.57201,0.49611,-0.00000,0.00000,
10.54,1,4.47636,0.16328,1.55600,0.54252,-0.03042,0.09130,0.01984
10.54,2,4.31388,-0.96829,1.39062,0.57249,0.17892,0.14317,0.01740
10.56,0,4.50150,1.26421,1.57201,0.49611,-0.00000,0.00000,
10.56,1,4.47635,0.17408,1.55531,0.53312,-0.03686,0.09042,0.02977
10.56,2,4.31591,-0.95719,1.39331,0.55022,0.08914,0.14259,0.02820
10.58,0,4.50149,1.27413,1.57201,0.49611,-0.00000,0.00000,
10.58,1,4.47649,0.18376,1.55466,0.39980,-0.03728,0.09066,0.03969
10.58,2,4.31779,-0.94678,1.39470,0.53082,0.04600,0.14162,0.03787
10.6,0,4.50147,1.28406,1.57201,0.49611,-0.00000,0.00000,
10.6,1,4.47666,0.19207,1.55424,0.43117,-0.01109,0.09227,0.04961
10.6,2,4.31966,-0.93626,1.39565,0.53450,0.05524,0.13920,0.04618
10.62,0,4.50146,1.29398,1.57201,0.49611,-0.00000,0.00000,
10.62,1,4.47685,0.20386,1.55282,0.57548,-0.12995,0.09039,0.00992
10.62,2,4.32151,-0.92583,1.39695,0.52464,0.07001,0.14032,0.00627
10.64,0,4.50145,1.30390,1.57201,0.49611,-0.00000,0.00000,
10.64,1,4.47702,0.21469,1.55039,0.53963,-0.12162,0.08949,0.01984
10.64,2,4.32347,-0.91079,1.40198,0.77042,0.35475,0.13590,0.01709
10.66,0,4.50144,1.31382,1.57201,0.49611,-0.00000,0.00000,
10.66,1,4.47690,0.22543,1.54841,0.53095,-0.05931,0.08867,0.02977
10.66,2,4.32547,-0.89693,1.41138,0.69316,0.48257,0.13253,0.02783
10.68,0,4.50143,1.32374,1.57201,0.49611,-0.00000,0.00000,
10.68,1,4.47703,0.23355,1.54715,0.40075,-0.04014,0.09047,0.03969
10.68,2,4.32772,-0.88330,1.41836,0.64064,0.10515,0.12678,0.03595
10.7,0,4.50141,1.33367,1.57201,0.49611,-0.00000,0.00000,
10.7,1,4.47735,0.24173,1.54715,0.38513,0.03234,0.09220,0.04961
10.7,2,4.32973,-0.87210,1.41753,0.57877,-0.02313,0.12357,0.04413
10.72,0,4.50140,1.34359,1.57201,0.49611,-0.00000,0.00000,
10.72,1,4.47765,0.25156,1.54778,0.68229,0.03475,0.09229,0.00992
10.72,2,4.33154,-0.86076,1.41839,0.55296,0.10501,0.12188,0.05397
10.74,0,4.50139,1.35329,1.57201,0.45984,0.00034,0.00000,
10.74,1,4.47794,0.26392,1.54875,0.60372,0.05125,0.08962,0.01962
10.74,2,4.33332,-0.84934,1.42130,0.59967,0.17498,0.12262,0.01812
10.76,0,4.50138,1.36261,1.57201,0.47088,-0.00008,0.00000,
10.76,1,4.47808,0.27583,1.54879,0.57465,-0.06457,0.08703,0.02894
10.76,2,4.33513,-0.83777,1.42495,0.55725,0.14987,0.12273,0.03003
10.78,0,4.50137,1.37209,1.57201,0.47524,-0.00009,0.00000,
10.78,1,4.47829,0.28635,1.54759,0.45733,-0.03938,0.08599,0.03842
10.78,2,4.33663,-0.82890,1.42531,0.41163,0.00183,0.12421,0.04055
10.8,0,4.50135,1.38135,1.57201,0.46842,-0.00012,0.00000,
10.8,1,4.47854,0.29396,1.54695,0.39267,-0.00539,0.08763,0.04768
10.8,2,4.33789,-0.82065,1.42603,0.42285,0.05104,0.12344,0.04816
10.82,0,4.50134,1.39128,1.57201,0.51175,0.00013,0.00000,
10.82,1,4.47879,0.30238,1.54726,0.46542,0.02443,0.08913,0.00993
10.82,2,4.33912,-0.81225,1.42693,0.42291,0.03572,0.12335,0.05659
10.84,0,4.50133,1.40153,1.57201,0.50826,0.00002,0.00000,
10.84,1,4.47905,0.31198,1.54675,0.47482,-0.06718,0.08977,0.02018
10.84,2,4.34035,-0.80304,1.42849,0.56225,0.16233,0.12361,0.01394
10.86,0,4.50132,1.41153,1.57201,0.49458,-0.00003,0.00000,
10.86,1,4.47914,0.32152,1.54594,0.47852,-0.00942,0.09024,0.03018
10.86,2,4.34160,-0.79191,1.43178,0.53723,0.18664,0.12189,0.02348
10.88,0,4.50131,1.42137,1.57201,0.49180,-0.00001,0.00000,
10.88,1,4.47936,0.33063,1.54615,0.37492,0.00261,0.09096,0.04003
10.88,2,4.34283,-0.78193,1.43556,0.50861,0.09770,0.12091,0.03260
10.9,0,4.50129,1.43124,1.57201,0.49503,0.00000,0.00000,
10.9,1,4.47961,0.33841,1.54637,0.40270,0.01335,0.09304,0.04990
10.9,2,4.34414,-0.77367,1.43398,0.37894,-0.12992,0.12030,0.04038
10.92,0,4.50128,1.44117,1.57201,0.49674,-0.00000,0.00000,
10.92,1,4.47985,0.34606,1.54667,0.32758,0.01653,0.09532,0.00992
10.92,2,4.34539,-0.76526,1.43207,0.57391,0.01802,0.11942,0.00336
10.94,0,4.50127,1.45110,1.57201,0.49627,-0.00001,0.00000,
10.94,1,4.48005,0.35252,1.54735,0.31818,0.06625,0.09879,0.01986
10.94,2,4.34673,-0.75400,1.44081,0.49382,0.47949,0.11452,0.00983
10.96,0,4.50126,1.46102,1.57201,0.49564,-0.00000,0.00000,
10.96,1,4.48026,0.36103,1.54816,0.51026,0.01165,0.10018,0.02977
10.96,2,4.34821,-0.74403,1.44503,0.50978,0.10174,0.11293,0.01835
10.98,0,4.50125,1.47093,1.57201,0.49560,-0.00000,0.00000,
10.98,1,4.48053,0.37171,1.54811,0.50203,-0.00011,0.09942,0.03968
10.98,2,4.34946,-0.73513,1.44462,0.34105,-0.15766,0.11457,0.02903
11.0,0,4.50123,1.48084,1.57201,0.49578,-0.00000,0.00000,
11.0,1,4.48077,0.38181,1.54815,0.50208,0.00475,0.09923,0.04960
11.0,2,4.35051,-0.72788,1.44352,0.38801,0.02254,0.11730,0.03913
11.02,0,4.50122,1.49076,1.57201,0.49584,-0.00000,0.00000,
11.02,1,4.48099,0.39164,1.54829,0.48380,0.00814,0.09930,0.05952
11.02,2,4.35153,-0.72040,1.44517,0.36921,0.10884,0.11956,0.04897
11.04,0,4.50121,1.50067,1.57201,0.49580,-0.00000,0.00000,
11.04,1,4.48121,0.40212,1.54838,0.58030,0.00851,0.09874,0.01983
11.04,2,4.35263,-0.71162,1.44634,0.45183,-0.02481,0.12113,0.01535
11.06,0,4.50120,1.51059,1.57201,0.49577,-0.00000,0.00000,
11.06,1,4.48143,0.41305,1.54872,0.48911,0.02978,0.09772,0.02975
11.06,2,4.35372,-0.70267,1.44316,0.46458,-0.15320,0.12301,0.02629
11.08,0,4.50119,1.52051,1.57201,0.49578,-0.00000,0.00000,
11.08,1,4.48167,0.42366,1.54903,0.56004,0.00408,0.09702,0.03966
11.08,2,4.35495,-0.69322,1.44260,0.48908,0.05572,0.12404,0.03689
11.1,0,4.50117,1.53042,1.57201,0.49578,-0.00000,0.00000,
11.1,1,4.48190,0.43298,1.54879,0.44645,-0.00528,0.09761,0.04958
11.1,2,4.35630,-0.68290,1.44379,0.53249,0.04803,0.12293,0.04622
11.12,0,4.50116,1.54034,1.57201,0.49579,-0.00000,0.00000,
11.12,1,4.48214,0.44264,1.54877,0.61735,0.01876,0.09786,0.00992
11.12,2,4.35762,-0.67255,1.44435,0.50764,0.01672,0.12213,0.05589
11.14,0,4.50115,1.55025,1.57201,0.49578,-0.00000,0.00000,
11.14,1,4.48244,0.45464,1.55673,0.52270,0.39342,0.09577,0.01983
11.14,2,4.35897,-0.66194,1.44553,0.55801,0.08753,0.12338,0.01720
11.16,0,4.50114,1.56017,1.57201,0.49578,-0.00000,0.00000,
11.16,1,4.48273,0.46510,1.56092,0.52679,0.11267,0.09522,0.02975
11.16,2,4.36032,-0.65129,1.44685,0.51037,0.04128,0.12308,0.02766
11.18,0,4.50113,1.57008,1.57201,0.49578,-0.00000,0.00000,
11.18,1,4.48280,0.47347,1.56206,0.39265,0.11316,0.09677,0.03966
11.18,2,4.36151,-0.64171,1.44728,0.46717,0.01372,0.12175,0.03602
11.2,0,4.50111,1.58000,1.57201,0.49578,-0.00000,0.00000,
11.2,1,4.48276,0.48172,1.56474,0.43125,0.07847,0.09843,0.04958
11.2,2,4.36262,-0.63355,1.44677,0.41413,0.00633,0.12173,0.04428
11.22,0,4.50110,1.58992,1.57201,0.49578,-0.00000,0.00000,
11.22,1,4.48285,0.49122,1.56461,0.57731,-0.05190,0.09885,0.00992
11.22,2,4.36372,-0.62502,1.44757,0.43854,0.05116,0.12257,0.05377
11.24,0,4.50109,1.59983,1.57201,0.49578,-0.00000,0.00000,
11.24,1,4.48295,0.50271,1.56018,0.57362,-0.24136,0.09727,0.01983
11.24,2,4.36487,-0.61446,1.44913,0.63083,0.14531,0.12340,0.01660
11.26,0,4.50108,1.60975,1.57201,0.49578,-0.00000,0.00000,
11.26,1,4.48284,0.51415,1.55514,0.56728,-0.28668,0.09575,0.02975
11.26,2,4.36613,-0.60299,1.45343,0.57086,0.22241,0.12322,0.02804
11.28,0,4.50107,1.61966,1.57201,0.49578,-0.00000,0.00000,
11.28,1,4.48264,0.52470,1.55076,0.48631,-0.11209,0.09511,0.03966
11.28,2,4.36741,-0.59174,1.45742,0.55119,0.13496,0.12238,0.03859
11.3,0,4.50105,1.62958,1.57201,0.49578,-0.00000,0.00000,
11.3,1,4.48284,0.53286,1.54918,0.40897,-0.10077,0.09687,0.04958
11.3,2,4.36859,-0.58221,1.45745,0.36477,-0.12984,0.12091,0.04674
11.32,0,4.50104,1.63949,1.57201,0.49578,-0.00000,0.00000,
11.32,1,4.48319,0.54126,1.54764,0.42857,-0.03115,0.09838,0.05949
11.32,2,4.36961,-0.57422,1.45681,0.50332,0.06616,0.12124,0.00425
11.34,0,4.50103,1.64941,1.57201,0.49578,-0.00000,0.00000,
11.34,1,4.48344,0.55221,1.54982,0.62320,0.24434,0.09734,0.01983
11.34,2,4.37075,-0.56430,1.45611,0.43775,0.09284,0.12218,0.01521
11.36,0,4.50102,1.65932,1.57201,0.49578,-0.00000,0.00000,
11.36,1,4.48370,0.56395,1.55487,0.57486,0.25744,0.09551,0.02975
11.36,2,4.37180,-0.55551,1.45809,0.45404,0.09209,0.12504,0.02695
11.38,0,4.50101,1.66924,1.57201,0.49578,-0.00000,0.00000,
11.38,1,4.48418,0.57497,1.55945,0.54378,0.13843,0.09440,0.03966
11.38,2,4.37287,-0.54712,1.45817,0.39207,-0.04548,0.12760,0.03798
11.4,0,4.50099,1.67916,1.57201,0.49578,-0.00000,0.00000,
11.4,1,4.48437,0.58436,1.55984,0.39151,-0.02660,0.09492,0.04958
11.4,2,4.37389,-0.53891,1.45823,0.42485,0.03574,0.12869,0.04737
11.42,0,4.50098,1.68907,1.57201,0.49578,-0.00000,0.00000,
11.42,1,4.48436,0.59336,1.56757,0.50563,0.65953,0.09584,0.00992
11.42,2,4.37488,-0.53055,1.45917,0.39858,0.05660,0.12923,0.05636
11.44,0,4.50097,1.69899,1.57201,0.49578,-0.00000,0.00000,
11.44,1,4.48463,0.60307,1.57552,0.45340,0.16454,0.09604,0.01983
11.44,2,4.37580,-0.52235,1.46008,0.42997,0.08379,0.13068,0.01465
11.46,0,4.50096,1.70890,1.57201,0.49578,-0.00000,0.00000,
11.46,1,4.48467,0.61349,1.57511,0.55504,-0.10912,0.09554,0.02975
11.46,2,4.37674,-0.51604,1.46057,0.31141,-0.00461,0.13467,0.02507
11.48,0,4.50095,1.71882,1.57201,0.49578,-0.00000,0.00000,
11.48,1,4.48457,0.62411,1.57279,0.46035,-0.10497,0.09483,0.03966
11.48,2,4.37775,-0.50908,1.45892,0.40418,-0.07851,0.13822,0.03569
11.5,0,4.50093,1.72873,1.57201,0.49578,-0.00000,0.00000,
11.5,1,4.48451,0.63321,1.57145,0.45252,-0.03647,0.09565,0.04958
11.5,2,4.37879,-0.49997,1.45871,0.48551,0.03729,0.13810,0.04479
11.52,0,4.50092,1.73865,1.57201,0.49578,-0.00000,0.00000,
11.52,1,4.48449,0.64434,1.57087,0.69598,-0.11204,0.09443,0.00992
11.52,2,4.37985,-0.49046,1.45979,0.46349,0.05354,0.13961,0.05592
11.54,0,4.50091,1.74857,1.57201,0.49578,-0.00000,0.00000,
11.54,1,4.48446,0.65682,1.56913,0.55836,-0.00021,0.09187,0.01983
11.54,2,4.38083,-0.48131,1.46075,0.51908,0.10736,0.14284,0.01896
11.56,0,4.50090,1.75848,1.57201,0.49578,-0.00000,0.00000,
11.56,1,4.48434,0.66801,1.57042,0.51099,0.05774,0.09060,0.02975
11.56,2,4.38190,-0.47109,1.46569,0.53972,0.20320,0.14370,0.03014
11.58,0,4.50089,1.76840,1.57201,0.49578,-0.00000,0.00000,
11.58,1,4.48432,0.67578,1.57022,0.37260,-0.03751,0.09274,0.03966
11.58,2,4.38308,-0.46028,1.46754,0.56566,0.00386,0.14057,0.03792
11.6,0,4.50087,1.77831,1.57201,0.49578,-0.00000,0.00000,
11.6,1,4.48435,0.68342,1.56928,0.39913,-0.04881,0.09501,0.04958
11.6,2,4.38427,-0.44881,1.46699,0.57404,-0.02267,0.13665,0.04556
11.62,0,4.50086,1.78823,1.57201,0.49578,-0.00000,0.00000,
11.62,1,4.48434,0.69188,1.56854,0.50687,-0.02058,0.09647,0.00992
11.62,2,4.38542,-0.43774,1.46715,0.54118,0.02912,0.13394,0.00433
11.64,0,4.50085,1.79814,1.57201,0.49578,-0.00000,0.00000,
11.64,1,4.48432,0.70410,1.57139,0.58244,0.18227,0.09417,0.01983
11.64,2,4.38642,-0.43118,1.46833,0.20120,0.00291,0.13950,0.01655
11.66,0,4.50084,1.80806,1.57201,0.49578,-0.00000,0.00000,
11.66,1,4.48439,0.71554,1.57501,0.54224,0.16124,0.09265,0.02975
11.66,2,4.38738,-0.42799,1.46765,0.15975,-0.03808,0.14763,0.02799
11.68,0,4.50083,1.81775,1.57201,0.45956,0.00034,0.00000,
11.68,1,4.48478,0.72646,1.57640,0.54150,-0.00800,0.09141,0.03944
11.68,2,4.38827,-0.42517,1.46250,0.17113,-0.44179,0.15567,0.03891
11.7,0,4.50081,1.82707,1.57201,0.47059,-0.00008,0.00000,
11.7,1,4.48479,0.73493,1.57590,0.39863,-0.02316,0.09225,0.04875
11.7,2,4.38899,-0.42014,1.45839,0.29156,0.02469,0.15904,0.04739
11.72,0,4.50080,1.83654,1.57201,0.47494,-0.00009,0.00000,
11.72,1,4.48460,0.74458,1.57645,0.52392,0.05656,0.09208,0.00948
11.72,2,4.38972,-0.41432,1.45976,0.29182,0.07057,0.16278,0.05703
11.74,0,4.50079,1.84580,1.57201,0.47490,-0.00007,0.00000,
11.74,1,4.48444,0.75469,1.57959,0.50589,0.16052,0.09123,0.01873
11.74,2,4.39048,-0.40899,1.47096,0.30875,1.59350,0.16746,0.01545
11.76,0,4.50078,1.85580,1.57201,0.51281,0.00013,0.00000,
11.76,1,4.48451,0.76476,1.58119,0.49633,-0.00856,0.09117,0.02874
11.76,2,4.39135,-0.40076,1.49354,0.42840,0.56620,0.16924,0.02552
11.78,0,4.50077,1.86603,1.57201,0.50633,0.00001,0.00000,
11.78,1,4.48442,0.77406,1.57973,0.40403,-0.09083,0.09209,0.03897
11.78,2,4.39195,-0.39231,1.50371,0.46443,0.28987,0.17004,0.03483
11.8,0,4.50075,1.87600,1.57201,0.49341,-0.00003,0.00000,
11.8,1,4.48431,0.78234,1.57827,0.42356,-0.05638,0.09379,0.04894
11.8,2,4.39260,-0.38218,1.50375,0.51493,-0.13507,0.16812,0.04310
11.82,0,4.50074,1.88584,1.57201,0.49171,-0.00001,0.00000,
11.82,1,4.48422,0.79110,1.57737,0.51501,-0.04060,0.09486,0.00983
11.82,2,4.39335,-0.37112,1.50105,0.56969,-0.09375,0.16577,0.05186
11.84,0,4.50073,1.89571,1.57201,0.49503,0.00000,0.00000,
11.84,1,4.48414,0.79796,1.57893,0.32337,0.14657,0.09787,0.01970
11.84,2,4.39412,-0.35997,1.50063,0.54701,0.04840,0.16142,0.01134
11.86,0,4.50072,1.90563,1.57201,0.49644,-0.00000,0.00000,
11.86,1,4.48387,0.80505,1.58417,0.39894,0.23614,0.10070,0.02962
11.86,2,4.39485,-0.34940,1.50170,0.51699,0.02845,0.15788,0.01844
11.88,0,4.50071,1.91555,1.57201,0.49586,-0.00001,0.00000,
11.88,1,4.48374,0.81413,1.58509,0.48445,-0.08474,0.10155,0.03955
11.88,2,4.39556,-0.33925,1.50148,0.50538,-0.03360,0.15674,0.02752
11.9,0,4.50069,1.92546,1.57201,0.49529,-0.00000,0.00000,
11.9,1,4.48364,0.82370,1.58257,0.44044,-0.12724,0.10189,0.04946
11.9,2,4.39623,-0.33043,1.50026,0.45063,-0.03391,0.15743,0.03708
11.92,0,4.50068,1.93537,1.57201,0.49530,-0.00000,0.00000,
11.92,1,4.48356,0.83358,1.58088,0.64504,-0.05632,0.10192,0.00991
11.92,2,4.39690,-0.32123,1.50006,0.46516,-0.00044,0.15806,0.04697
11.94,0,4.50067,1.94527,1.57201,0.49547,-0.00000,0.00000,
11.94,1,4.48347,0.84703,1.57744,0.66015,-0.20243,0.09838,0.01981
11.94,2,4.39756,-0.31098,1.48065,0.51494,-2.00360,0.16118,0.01883
11.96,0,4.50066,1.95518,1.57201,0.49551,-0.00000,0.00000,
11.96,1,4.48326,0.85951,1.57314,0.60587,-0.23273,0.09581,0.02972
11.96,2,4.39826,-0.30123,1.44135,0.46492,-1.86064,0.16385,0.03132
11.98,0,4.50065,1.96509,1.57201,0.49548,-0.00000,0.00000,
11.98,1,4.48311,0.87074,1.57018,0.46105,-0.07288,0.09449,0.03963
11.98,2,4.39943,-0.29241,1.42109,0.45968,-0.12669,0.16616,0.04255
12.0,0,4.50063,1.97500,1.57201,0.49545,-0.00000,0.00000,
12.0,1,4.48312,0.87883,1.56891,0.41208,-0.08830,0.09631,0.04954
12.0,2,4.40084,-0.28254,1.42978,0.52463,0.58543,0.16428,0.05064
12.02,0,4.50062,1.98491,1.57201,0.49546,-0.00000,0.00000,
12.02,1,4.48321,0.88974,1.56727,0.63906,-0.07073,0.09531,0.00991
12.02,2,4.40228,-0.27205,1.43760,0.61657,0.35901,0.16460,0.00631
12.04,0,4.50061,1.99482,1.57201,0.49547,-0.00000,0.00000,
12.04,1,4.48328,0.90044,1.56592,0.51506,-0.06722,0.09452,0.01982
12.04,2,4.40392,-0.25929,1.44420,0.60023,0.29193,0.16244,0.01702
12.06,0,4.50060,2.00473,1.57201,0.49547,-0.00000,0.00000,
12.06,1,4.48325,0.91079,1.56511,0.51952,-0.01866,0.09408,0.02973
12.06,2,4.40550,-0.24783,1.44988,0.58767,0.22356,0.16123,0.02737
12.08,0,4.50059,2.01464,1.57201,0.49546,-0.00000,0.00000,
12.08,1,4.48331,0.91933,1.56470,0.43274,-0.01860,0.09545,0.03964
12.08,2,4.40700,-0.23577,1.45234,0.62019,0.06829,0.15761,0.03591
12.1,0,4.50057,2.02455,1.57201,0.49546,-0.00000,0.00000,
12.1,1,4.48340,0.92828,1.56434,0.45399,-0.01847,0.09640,0.04955
12.1,2,4.40845,-0.22470,1.45273,0.54254,0.05536,0.15541,0.04486
12.12,0,4.50056,2.03446,1.57201,0.49546,-0.00000,0.00000,
12.12,1,4.48349,0.93891,1.56410,0.56213,-0.00586,0.09568,0.00991
12.12,2,4.40979,-0.21379,1.45509,0.55153,0.14398,0.15506,0.05549
12.14,0,4.50055,2.04437,1.57201,0.49546,-0.00000,0.00000,
12.14,1,4.48357,0.95015,1.56398,0.56213,-0.00596,0.09435,0.01982
12.14,2,4.41109,-0.20293,1.45831,0.46832,0.24733,0.15535,0.01696
12.16,0,4.50054,2.05428,1.57201,0.49546,-0.00000,0.00000,
12.16,1,4.48364,0.96124,1.56381,0.53772,-0.01391,0.09317,0.02973
12.16,2,4.41234,-0.19431,1.46323,0.43866,0.27943,0.15775,0.02804
12.18,0,4.50053,2.06419,1.57201,0.49546,-0.00000,0.00000,
12.18,1,4.48370,0.97083,1.56338,0.39606,-0.02838,0.09349,0.03964
12.18,2,4.41343,-0.18449,1.46806,0.54977,0.15903,0.15745,0.03763
12.2,0,4.50051,2.07410,1.57201,0.49546,-0.00000,0.00000,
12.2,1,4.48376,0.97906,1.56294,0.42736,-0.01763,0.09516,0.04955
12.2,2,4.41468,-0.17301,1.47013,0.62094,0.05203,0.15414,0.04587
12.22,0,4.50050,2.08400,1.57201,0.49546,-0.00000,0.00000,
12.22,1,4.48382,0.98898,1.56272,0.58564,-0.00105,0.09515,0.00991
12.22,2,4.41597,-0.16055,1.47114,0.60969,0.07091,0.15152,0.05578
12.24,0,4.50049,2.09391,1.57201,0.49546,-0.00000,0.00000,
12.24,1,4.48389,1.00055,1.56272,0.53940,0.00266,0.09349,0.01982
12.24,2,4.41719,-0.14905,1.47327,0.48796,0.25871,0.15153,0.01714
12.26,0,4.50048,2.10382,1.57201,0.49546,-0.00000,0.00000,
12.26,1,4.48396,1.01109,1.56276,0.51960,-0.00032,0.09286,0.02973
12.26,2,4.41838,-0.13946,1.47842,0.43903,0.23146,0.15241,0.02768
12.28,0,4.50047,2.11373,1.57201,0.49546,-0.00000,0.00000,
12.28,1,4.48404,1.02067,1.56249,0.39658,-0.02479,0.09318,0.03964
12.28,2,4.41950,-0.13331,1.48208,0.28561,0.16872,0.15579,0.03726
12.3,0,4.50045,2.12364,1.57201,0.49546,-0.00000,0.00000,
12.3,1,4.48413,1.02907,1.56208,0.43663,-0.01615,0.09470,0.04955
12.3,2,4.42051,-0.12704,1.48257,0.35958,-0.04641,0.15786,0.04566
12.32,0,4.50044,2.13355,1.57201,0.49546,-0.00000,0.00000,
12.32,1,4.48421,1.04010,1.55977,0.52651,-0.18329,0.09357,0.00991
12.32,2,4.42133,-0.11967,1.48347,0.44275,0.09821,0.16148,0.05669
12.34,0,4.50043,2.14346,1.57201,0.49546,-0.00000,0.00000,
12.34,1,4.48416,1.05065,1.55633,0.52818,-0.15290,0.09294,0.01982
12.34,2,4.42212,-0.10902,1.49215,0.58858,0.68326,0.16133,0.01606
12.36,0,4.50042,2.15337,1.57201,0.49546,-0.00000,0.00000,
12.36,1,4.48407,1.06110,1.55462,0.51296,-0.01277,0.09239,0.02973
12.36,2,4.42282,-0.09811,1.50648,0.54653,0.71812,0.16082,0.02651
12.38,0,4.50041,2.16328,1.57201,0.49546,-0.00000,0.00000,
12.38,1,4.48427,1.07101,1.55526,0.45045,0.04308,0.09239,0.03964
12.38,2,4.42330,-0.08672,1.51677,0.60406,0.20967,0.15933,0.03642
12.4,0,4.50039,2.17319,1.57201,0.49546,-0.00000,0.00000,
12.4,1,4.48448,1.07947,1.55578,0.43470,0.01181,0.09383,0.04955
12.4,2,4.42404,-0.07405,1.51601,0.66765,-0.14237,0.15511,0.04489
12.42,0,4.50038,2.18310,1.57201,0.49546,-0.00000,0.00000,
12.42,1,4.48466,1.08838,1.55578,0.44954,-0.00556,0.09483,0.05946
12.42,2,4.42482,-0.06062,1.51405,0.66364,-0.03742,0.15056,0.05380
12.44,0,4.50037,2.19301,1.57201,0.49546,-0.00000,0.00000,
12.44,1,4.48483,1.10063,1.55635,0.61380,0.08918,0.09249,0.01982
12.44,2,4.42560,-0.04700,1.51480,0.74206,-0.00696,0.14916,0.01674
12.46,0,4.50036,2.20243,1.57237,0.33947,0.18333,0.00000,
12.46,1,4.48499,1.11251,1.55819,0.59413,0.09221,0.09003,0.02924
12.46,2,4.42637,-0.03246,1.51469,0.68516,-0.00296,0.14647,0.02862
12.48,0,4.50060,2.20577,1.57999,0.10843,0.28641,0.00000,
12.48,1,4.48522,1.12411,1.55986,0.55359,0.05343,0.08177,0.03258
12.48,2,4.42700,-0.02087,1.51477,0.51827,0.00377,0.14646,0.04022
12.5,0,4.50101,2.20730,1.58494,0.06412,0.23529,0.00000,
12.5,1,4.48536,1.13301,1.55998,0.38189,-0.01193,0.07440,0.03412
12.5,2,4.42755,-0.01320,1.51360,0.34460,-0.09434,0.14767,0.04913
12.52,0,4.50147,2.20828,1.58952,0.01706,0.22909,0.00000,
12.52,1,4.48547,1.13802,1.55972,0.20204,-0.01357,0.07038,0.00108
12.52,2,4.42813,-0.00616,1.51147,0.37378,-0.09926,0.14561,0.05414
12.54,0,4.50133,2.20788,1.60514,-0.11393,2.19392,0.00000,
12.54,1,4.48557,1.14053,1.55915,0.06178,-0.04643,0.06747,0.00067
12.54,2,4.42861,0.00095,1.51125,0.31032,0.09504,0.14100,0.00453
12.56,0,4.50079,2.20658,1.65543,0.02294,2.44599,0.00000,
12.56,1,4.48561,1.14178,1.55853,0.07641,-0.01172,0.06491,0.00075
12.56,2,4.42896,0.00695,1.51371,0.29623,0.09677,0.13625,0.00579
12.58,0,4.49977,2.20768,1.69293,0.08603,1.57012,0.00000,
12.58,1,4.48563,1.14345,1.55857,0.07207,0.00724,0.06433,0.00131
12.58,2,4.42930,0.01287,1.51442,0.29724,-0.00311,0.13199,0.00745
12.6,0,4.49838,2.20994,1.72839,0.13907,1.63576,0.00000,
12.6,1,4.48565,1.14487,1.55864,0.08809,-0.00100,0.06514,0.00373
12.6,2,4.42963,0.01880,1.51422,0.29631,-0.00451,0.12746,0.00887
12.62,0,4.49752,2.21347,1.76139,0.21497,1.72670,0.00000,
12.62,1,4.48567,1.14690,1.55894,0.07976,0.02584,0.06663,0.00363
12.62,2,4.42997,0.02466,1.51439,0.29073,0.01697,0.12362,0.01090
12.64,0,4.49659,2.21824,1.79850,0.25985,1.94292,0.00000,
12.64,1,4.48566,1.14882,1.55986,0.09806,0.03925,0.06948,0.00849
12.64,2,4.43029,0.03006,1.51487,0.20350,0.06404,0.12012,0.00274
12.66,0,4.49539,2.22350,1.83806,0.27484,1.98088,0.00000,
12.66,1,4.48569,1.15126,1.56004,0.15606,-0.00975,0.07227,0.01388
12.66,2,4.43060,0.03244,1.51675,0.07149,0.08779,0.12018,0.00519
12.68,0,4.49396,2.22871,1.87686,0.28142,1.92487,0.00000,
12.68,1,4.48574,1.15439,1.55980,0.13144,-0.00762,0.07435,0.01928
12.68,2,4.43082,0.03274,1.51842,-0.01975,0.08174,0.12300,0.00832
12.7,0,4.49215,2.23448,1.91533,0.31460,1.92107,0.00000,
12.7,1,4.48578,1.15725,1.55975,0.17502,-0.00028,0.07725,0.02532
12.7,2,4.43086,0.03209,1.52072,-0.00604,0.15802,0.12651,0.01118
12.72,0,4.49003,2.24044,1.95346,0.32214,1.90769,0.00000,
12.72,1,4.48582,1.16227,1.55990,0.40393,0.05285,0.07817,0.00632
12.72,2,4.43092,0.03364,1.52294,0.18216,0.06852,0.12997,0.00301
12.74,0,4.48754,2.24665,1.99190,0.34223,1.92882,0.00000,
12.74,1,4.48587,1.17071,1.55998,0.38311,-0.01105,0.07594,0.01301
12.74,2,4.43101,0.03750,1.52420,0.19078,0.06392,0.13454,0.01145
12.76,0,4.48475,2.25292,2.03015,0.34774,1.90639,0.00000,
12.76,1,4.48589,1.17836,1.55973,0.37837,-0.01470,0.07456,0.01987
12.76,2,4.43110,0.04132,1.52547,0.19079,0.06351,0.13836,0.01910
12.78,0,4.48154,2.25944,2.06865,0.37285,1.93287,0.00000,
12.78,1,4.48594,1.18560,1.55966,0.34849,0.00783,0.07384,0.02711
12.78,2,4.43086,0.04491,1.52918,0.19608,0.29387,0.14202,0.02634
12.8,0,4.47795,2.26612,2.10728,0.38301,1.92823,0.00000,
12.8,1,4.48602,1.19114,1.55971,0.28010,0.00734,0.07501,0.03468
12.8,2,4.43098,0.05023,1.53279,0.27894,0.04049,0.14223,0.03188
12.82,0,4.47405,2.27270,2.14543,0.37956,1.87372,0.00000,
12.82,1,4.48611,1.19699,1.55996,0.29941,0.01418,0.07577,0.04229
12.82,2,4.43124,0.05674,1.53216,0.33085,-0.03393,0.14157,0.00298
12.84,0,4.46974,2.27937,2.18366,0.40906,1.93263,0.00000,
12.84,1,4.48619,1.20274,1.56129,0.22323,0.01395,0.07676,0.01559
12.84,2,4.43150,0.06188,1.53202,0.25046,0.01563,0.14217,0.00872
12.86,0,4.46497,2.28622,2.22241,0.42214,1.93540,0.00000,
12.86,1,4.48618,1.20734,1.56040,0.26070,-0.04863,0.07910,0.02393
12.86,2,4.43171,0.06746,1.53256,0.33339,0.01052,0.14117,0.01332
12.88,0,4.45984,2.29301,2.26099,0.42675,1.92431,0.00000,
12.88,1,4.48627,1.21377,1.56028,0.36263,0.02977,0.07956,0.03242
12.88,2,4.43200,0.07494,1.53232,0.41018,-0.02815,0.14012,0.01975
12.9,0,4.45439,2.29959,2.29858,0.44035,1.91806,0.00000,
12.9,1,4.48638,1.22083,1.56135,0.38312,0.05485,0.07923,0.04093
12.9,2,4.43232,0.08325,1.53169,0.40458,-0.02895,0.13887,0.02681
12.92,0,4.44842,2.30634,2.33732,0.45675,1.94189,0.00000,
12.92,1,4.48650,1.22828,1.56330,0.33266,0.00922,0.07873,0.00902
12.92,2,4.43261,0.09082,1.53125,0.36049,-0.01717,0.13874,0.03427
12.94,0,4.44206,2.31299,2.37602,0.46151,1.92842,0.00000,
12.94,1,4.48661,1.23500,1.56376,0.30468,0.03885,0.07891,0.01821
12.94,2,4.43289,0.09751,1.53119,0.27014,-0.06851,0.13876,0.01009
12.96,0,4.43542,2.31944,2.41448,0.46442,1.92051,0.00000,
12.96,1,4.48670,1.24225,1.56503,0.39921,0.07791,0.07841,0.02747
12.96,2,4.43316,0.10310,1.52926,0.26604,-0.11834,0.14041,0.01733
12.98,0,4.42849,2.32561,2.45217,0.46480,1.85165,0.00000,
12.98,1,4.48678,1.24982,1.56678,0.37222,0.08895,0.07737,0.03672
12.98,2,4.43348,0.10931,1.52581,0.34523,-0.25518,0.14175,0.02490
13.0,0,4.42110,2.33171,2.48700,0.48747,1.50260,0.00000,
13.0,1,4.48684,1.25853,1.56834,0.46736,0.06917,0.07519,0.04627
13.0,2,4.43381,0.11608,1.52281,0.32104,-0.04720,0.14368,0.03361
13.02,0,4.41341,2.33765,2.51155,0.47993,1.08950,0.00000,
13.02,1,4.48686,1.26777,1.56965,0.44647,0.06445,0.07240,0.00971
13.02,2,4.43421,0.12362,1.51823,0.47914,-0.33007,0.14536,0.00455
13.04,0,4.40582,2.34320,2.53352,0.46429,1.13768,0.00000,
13.04,1,4.48688,1.27834,1.54247,0.52057,-1.83389,0.06795,0.01912
13.04,2,4.43466,0.13434,1.52365,0.52239,0.47008,0.14518,0.01512
13.06,0,4.39821,2.34851,2.55695,0.46534,1.17637,0.00000,
13.06,1,4.48715,1.28817,1.51872,0.46154,-0.30241,0.06406,0.02839
13.06,2,4.43523,0.14498,1.52721,0.54841,-0.05634,0.14437,0.02495
13.08,0,4.39039,2.35371,2.57971,0.47329,1.09948,0.00000,
13.08,1,4.48754,1.29700,1.52714,0.43559,0.68877,0.06116,0.03778
13.08,2,4.43572,0.15591,1.52468,0.53969,-0.11280,0.14227,0.03379
13.1,0,4.38235,2.35879,2.60093,0.47613,1.03766,0.00000,
13.1,1,4.48789,1.30581,1.53732,0.44601,0.30810,0.05825,0.04727
13.1,2,4.43620,0.16618,1.52377,0.43850,-0.03081,0.14081,0.04261
13.12,0,4.37419,2.36370,2.62134,0.47572,1.00762,0.00000,
13.12,1,4.48821,1.31630,1.54916,0.56137,0.68653,0.05359,0.00952
13.12,2,4.43665,0.17511,1.52377,0.45750,0.01615,0.14236,0.05310
13.14,0,4.36594,2.36844,2.64114,0.47629,0.97371,0.00000,
13.14,1,4.48844,1.32678,1.55837,0.48096,0.27141,0.04884,0.01904
13.14,2,4.43708,0.18481,1.52455,0.46052,0.06235,0.14312,0.01604
13.16,0,4.35757,2.37302,2.66018,0.47783,0.93443,0.00000,
13.16,1,4.48857,1.33555,1.56175,0.41563,0.14463,0.04572,0.02858
13.16,2,4.43750,0.19409,1.52530,0.48612,0.01140,0.14260,0.02481
13.18,0,4.34948,2.37738,2.67760,0.45297,0.88572,0.00000,
13.18,1,4.48865,1.34384,1.56549,0.41983,0.22405,0.04287,0.03776
13.18,2,4.43797,0.20404,1.52539,0.54125,-0.00456,0.14092,0.03310
13.2,0,4.34133,2.38151,2.69575,0.45958,0.89895,0.00000,
13.2,1,4.48870,1.35233,1.57035,0.39753,0.25017,0.03967,0.04689
13.2,2,4.43850,0.21566,1.52523,0.59327,-0.00644,0.13778,0.04159
13.22,0,4.33301,2.38551,2.71290,0.46205,0.82523,0.00000,
13.22,1,4.48870,1.36004,1.57697,0.42612,0.66583,0.03722,0.00923
13.22,2,4.43901,0.22701,1.52526,0.55228,0.00363,0.13412,0.04930
13.24,0,4.32465,2.38934,2.72899,0.44756,0.81290,0.00000,
13.24,1,4.48862,1.36904,1.59250,0.42849,0.62078,0.03339,0.01843
13.24,2,4.43951,0.23742,1.52391,0.46352,-0.72379,0.13269,0.01299
13.26,0,4.31620,2.39306,2.74506,0.48218,0.77414,0.00000,
13.26,1,4.48847,1.37716,1.59907,0.42378,0.15536,0.03040,0.02766
13.26,2,4.44001,0.24658,1.50940,0.41757,-0.75048,0.13162,0.02112
13.28,0,4.30710,2.39688,2.76000,0.49687,0.72849,0.00000,
13.28,1,4.48824,1.38579,1.60173,0.43002,0.16361,0.02719,0.03753
13.28,2,4.44050,0.25243,1.49286,0.26888,-0.84130,0.13436,0.02975
13.3,0,4.29796,2.40055,2.77431,0.48827,0.70701,0.00000,
13.3,1,4.48799,1.39415,1.60617,0.40816,0.25562,0.02418,0.04737
13.3,2,4.44094,0.25799,1.47892,0.30194,-0.36165,0.13714,0.03811
13.32,0,4.28891,2.40403,2.78822,0.48249,0.68505,0.00000,
13.32,1,4.48772,1.40115,1.61143,0.35467,0.23556,0.02240,0.00969
13.32,2,4.44147,0.26430,1.48059,0.31820,0.30832,0.13779,0.04511
13.34,0,4.27985,2.40737,2.80163,0.48380,0.65808,0.00000,
13.34,1,4.48730,1.40932,1.59694,0.41136,-0.93913,0.01939,0.01934
13.34,2,4.44214,0.27363,1.48579,0.54046,0.16806,0.13659,0.01169
13.36,0,4.27070,2.41061,2.81450,0.48633,0.63208,0.00000,
13.36,1,4.48714,1.41706,1.59073,0.37413,0.26442,0.01685,0.02905
13.36,2,4.44303,0.28341,1.48838,0.48256,0.08135,0.13451,0.01943
13.38,0,4.26148,2.41374,2.82688,0.48722,0.60835,0.00000,
13.38,1,4.48691,1.42438,1.60203,0.39727,0.61776,0.01472,0.03879
13.38,2,4.44382,0.29281,1.48952,0.45764,0.05554,0.13239,0.02675
13.4,0,4.25221,2.41676,2.83879,0.48725,0.58590,0.00000,
13.4,1,4.48659,1.43278,1.61116,0.42748,0.32418,0.01150,0.04853
13.4,2,4.44455,0.29954,1.48899,0.29930,-0.07266,0.13402,0.03516
13.42,0,4.24291,2.41966,2.85027,0.48745,0.56392,0.00000,
13.42,1,4.48618,1.44182,1.62098,0.51213,0.91454,0.00765,0.00975
13.42,2,4.44522,0.30573,1.48810,0.32715,0.02045,0.13684,0.04421
13.44,0,4.23357,2.42247,2.86131,0.48790,0.54272,0.00000,
13.44,1,4.48566,1.45177,1.63850,0.48190,0.65111,0.00290,0.01950
13.44,2,4.44578,0.31272,1.49201,0.31518,0.42202,0.13975,0.01478
13.46,0,4.22419,2.42517,2.87194,0.48835,0.52241,0.00000,
13.46,1,4.48508,1.46087,1.64583,0.43187,0.22126,0.00103,0.02926
13.46,2,4.44620,0.31940,1.50344,0.37473,0.52945,0.14213,0.02390
13.48,0,4.21477,2.42777,2.88218,0.48869,0.50288,0.00000,
13.48,1,4.48447,1.46889,1.65058,0.33826,0.32478,0.00391,0.03903
13.48,2,4.44678,0.32779,1.50810,0.45280,0.03198,0.14173,0.03195
13.5,0,4.20532,2.43028,2.89203,0.48899,0.48407,0.00000,
13.5,1,4.48389,1.47511,1.65770,0.33203,0.33521,0.00504,0.04881
13.5,2,4.44742,0.33751,1.50725,0.48049,-0.03208,0.13818,0.03818
13.52,0,4.19584,2.43269,2.90151,0.48927,0.46598,0.00000,
13.52,1,4.48312,1.48328,1.66969,0.39581,0.45966,0.00807,0.00978
13.52,2,4.44803,0.34709,1.50770,0.47390,0.06250,0.13672,0.04639
13.54,0,4.18633,2.43502,2.91064,0.48955,0.44897,0.00000,
13.54,1,4.48237,1.49101,1.67609,0.42122,0.29701,0.01066,0.01957
13.54,2,4.44862,0.35978,1.51028,0.70836,0.18017,0.13173,0.01202
13.56,0,4.17680,2.43726,2.91943,0.48981,0.43217,0.00000,
13.56,1,4.48144,1.49971,1.68283,0.43694,0.36788,0.01419,0.02936
13.56,2,4.44921,0.37295,1.51446,0.65704,0.21009,0.12722,0.02077
13.58,0,4.16724,2.43942,2.92789,0.49004,0.41555,0.00000,
13.58,1,4.48049,1.50797,1.69045,0.37024,0.41856,0.01728,0.03916
13.58,2,4.44988,0.38544,1.51813,0.57586,0.11659,0.12294,0.02909
13.6,0,4.15766,2.44150,2.93603,0.49025,0.39961,0.00000,
13.6,1,4.47960,1.51438,1.69858,0.33193,0.33591,0.01858,0.04896
13.6,2,4.45043,0.39439,1.51869,0.37871,-0.00058,0.12038,0.03556
13.62,0,4.14806,2.44350,2.94385,0.49044,0.38436,0.00000,
13.62,1,4.47857,1.52193,1.70934,0.46034,0.97058,0.02096,0.00981
13.62,2,4.45089,0.40240,1.51932,0.41985,0.05294,0.11987,0.04318
13.64,0,4.13844,2.44543,2.95138,0.49062,0.36969,0.00000,
13.64,1,4.47725,1.53052,1.72683,0.39976,0.60536,0.02437,0.01962
13.64,2,4.45133,0.40975,1.52102,0.25005,0.13209,0.12107,0.01291
13.66,0,4.12880,2.44729,2.95861,0.49079,0.35556,0.00000,
13.66,1,4.47588,1.53841,1.73705,0.40290,0.39826,0.02710,0.02943
13.66,2,4.45160,0.41409,1.52313,0.20200,0.05526,0.12458,0.02092
13.68,0,4.11915,2.44907,2.96557,0.49095,0.34197,0.00000,
13.68,1,4.47459,1.54502,1.74537,0.31390,0.37785,0.02858,0.03925
13.68,2,4.45188,0.41865,1.52491,0.25177,0.05520,0.12659,0.02765
13.7,0,4.10948,2.45079,2.97227,0.49109,0.32891,0.00000,
13.7,1,4.47335,1.55154,1.75171,0.34185,0.28561,0.02992,0.04907
13.7,2,4.45218,0.42465,1.52530,0.31704,0.01774,0.12709,0.03429
13.72,0,4.09979,2.45245,2.97871,0.49122,0.31634,0.00000,
13.72,1,4.47208,1.55830,1.75802,0.36807,0.51463,0.03145,0.00982
13.72,2,4.45251,0.43122,1.52612,0.38286,0.04323,0.12725,0.04117
13.74,0,4.09010,2.45404,2.98490,0.49134,0.30425,0.00000,
13.74,1,4.47047,1.56630,1.77255,0.40197,0.54169,0.03420,0.01965
13.74,2,4.45289,0.44092,1.52765,0.54715,0.06284,0.12552,0.01161
13.76,0,4.08039,2.45557,2.99086,0.49146,0.29263,0.00000,
13.76,1,4.46891,1.57434,1.77995,0.40542,0.28064,0.03692,0.02948
13.76,2,4.45328,0.45144,1.52908,0.52471,0.06884,0.12300,0.01980
13.78,0,4.07067,2.45705,2.99659,0.49156,0.28145,0.00000,
13.78,1,4.46726,1.58194,1.78574,0.37552,0.31892,0.03922,0.03931
13.78,2,4.45365,0.46117,1.53011,0.44840,0.03909,0.12085,0.02757
13.8,0,4.06094,2.45847,3.00210,0.49166,0.27070,0.00000,
13.8,1,4.46567,1.58893,1.79324,0.30972,0.49863,0.04088,0.04914
13.8,2,4.45398,0.46791,1.53045,0.28991,0.01784,0.12108,0.03474
13.82,0,4.05120,2.45984,3.00740,0.49175,0.26036,0.00000,
13.82,1,4.46410,1.59515,1.80403,0.39925,0.83332,0.04179,0.00983
13.82,2,4.45427,0.47428,1.53137,0.33944,0.06040,0.12091,0.00346
13.84,0,4.04146,2.46115,3.01249,0.49183,0.25041,0.00000,
13.84,1,4.46211,1.60351,1.81997,0.38847,0.52965,0.04475,0.01967
13.84,2,4.45455,0.48122,1.53476,0.32002,0.19377,0.12231,0.01205
13.86,0,4.03170,2.46242,3.01740,0.49191,0.24084,0.00000,
13.86,1,4.46031,1.61057,1.82642,0.38049,0.28782,0.04639,0.02951
13.86,2,4.45483,0.48844,1.53703,0.40280,0.04484,0.12214,0.01934
13.88,0,4.02194,2.46364,3.02211,0.49198,0.23164,0.00000,
13.88,1,4.45833,1.61813,1.83312,0.39115,0.37219,0.04851,0.03935
13.88,2,4.45511,0.49666,1.53739,0.40340,0.01729,0.12148,0.02716
13.9,0,4.01217,2.46481,3.02665,0.49204,0.22280,0.00000,
13.9,1,4.45648,1.62441,1.84244,0.31625,0.39741,0.04938,0.04919
13.9,2,4.45537,0.50427,1.53812,0.36425,0.05091,0.12014,0.03370
13.92,0,4.00239,2.46594,3.03101,0.49210,0.21428,0.00000,
13.92,1,4.45455,1.63111,1.85212,0.42529,0.88005,0.05058,0.00984
13.92,2,4.45559,0.51010,1.53882,0.29565,0.04291,0.12101,0.00378
13.94,0,3.99261,2.46703,3.03520,0.49216,0.20610,0.00000,
13.94,1,4.45214,1.63937,1.86928,0.37600,0.56311,0.05333,0.01968
13.94,2,4.45580,0.51947,1.53875,0.44390,-0.03936,0.11991,0.01239
13.96,0,3.98282,2.46807,3.03924,0.49221,0.19823,0.00000,
13.96,1,4.44991,1.64662,1.87673,0.38519,0.30189,0.05503,0.02953
13.96,2,4.45592,0.52738,1.54187,0.39935,0.29124,0.11926,0.01997
13.98,0,3.97303,2.46908,3.04312,0.49226,0.19065,0.00000,
13.98,1,4.44764,1.65386,1.88313,0.37214,0.34991,0.05669,0.03937
13.98,2,4.45611,0.53540,1.54610,0.34721,0.10851,0.11849,0.02756
14.0,0,3.96333,2.47004,3.04697,0.48848,0.19026,0.00000,
14.0,1,4.44567,1.65945,1.89239,0.29234,0.39015,0.05676,0.04911
14.0,2,4.45633,0.54135,1.54698,0.30825,0.02260,0.11816,0.03348
14.02,0,3.95332,2.47099,3.05053,0.51116,0.17129,0.00000,
14.02,1,4.44370,1.66521,1.89914,0.33585,0.49254,0.05673,0.01006
14.02,2,4.45651,0.54802,1.54812,0.36945,0.16194,0.11726,0.00310
14.04,0,3.94312,2.47192,3.05391,0.51026,0.16774,0.00000,
14.04,1,4.44100,1.67248,1.91566,0.35863,0.62208,0.05820,0.02030
14.04,2,4.45667,0.55553,1.54991,0.38047,0.02940,0.11706,0.01086
14.06,0,3.93303,2.47281,3.05723,0.50340,0.16403,0.00000,
14.06,1,4.43834,1.67934,1.92491,0.36585,0.38857,0.05930,0.03043
14.06,2,4.45677,0.56304,1.55068,0.37030,0.05218,0.11645,0.01821
14.08,0,3.92303,2.47365,3.06044,0.50180,0.15729,0.00000,
14.08,1,4.43579,1.68605,1.93185,0.35301,0.33473,0.06019,0.04047
14.08,2,4.45693,0.57031,1.55197,0.35820,0.07057,0.11594,0.02539
14.1,0,3.91301,2.47447,3.06351,0.50339,0.15073,0.00000,
14.1,1,4.43349,1.69171,1.94025,0.27553,0.43614,0.05999,0.05052
14.1,2,4.45707,0.57740,1.55334,0.35309,0.06494,0.11456,0.03150
14.12,0,3.90353,2.47524,3.06622,0.47262,0.14150,0.00000,
14.12,1,4.43106,1.69783,1.94992,0.43597,0.65851,0.06050,0.00951
14.12,2,4.45720,0.58415,1.55452,0.29631,0.05172,0.11399,0.03809
14.14,0,3.89399,2.47597,3.06918,0.48161,0.14762,0.00000,
14.14,1,4.42792,1.70523,1.95552,0.34936,0.06797,0.06238,0.01908
14.14,2,4.45731,0.59057,1.55616,0.38399,0.18530,0.11505,0.01180
14.16,0,3.88437,2.47668,3.07198,0.48160,0.13368,0.00000,
14.16,1,4.42480,1.71195,1.96102,0.38239,0.40838,0.06358,0.02872
14.16,2,4.45742,0.59894,1.56049,0.38213,0.17795,0.11349,0.01920
14.18,0,3.87480,2.47735,3.07456,0.47875,0.12668,0.00000,
14.18,1,4.42192,1.71875,1.97064,0.31465,0.57426,0.06468,0.03832
14.18,2,4.45751,0.60608,1.56235,0.36389,0.03972,0.11324,0.02659
14.2,0,3.86534,2.47798,3.07717,0.48670,0.12397,0.00000,
14.2,1,4.41943,1.72453,1.97966,0.31581,0.37121,0.06475,0.04780
14.2,2,4.45758,0.61337,1.56298,0.36131,0.04011,0.11182,0.03289
14.22,0,3.85553,2.47862,3.07962,0.49274,0.12337,0.00000,
14.22,1,4.41648,1.73128,1.99632,0.39321,0.99582,0.06556,0.00983
14.22,2,4.45764,0.61965,1.56417,0.34028,0.12526,0.11239,0.00389
14.24,0,3.84541,2.47925,3.08194,0.51383,0.11166,0.00000,
14.24,1,4.41350,1.73788,2.00979,0.31632,0.34146,0.06600,0.01997
14.24,2,4.45765,0.62570,1.56818,0.30908,0.14960,0.11305,0.01113
14.26,0,3.83518,2.47986,3.08414,0.50917,0.10955,0.00000,
14.26,1,4.41071,1.74385,2.01583,0.33930,0.32227,0.06568,0.03022
14.26,2,4.45768,0.63251,1.56979,0.33877,0.04610,0.11233,0.01772
14.28,0,3.82510,2.48044,3.08631,0.50170,0.10702,0.00000,
14.28,1,4.40776,1.75004,2.02335,0.34251,0.40797,0.06567,0.04031
14.28,2,4.45771,0.64003,1.57080,0.43004,0.06051,0.11114,0.02458
14.3,0,3.81510,2.48099,3.08840,0.50099,0.10260,0.00000,
14.3,1,4.40489,1.75592,2.03181,0.29362,0.44795,0.06534,0.05033
14.3,2,4.45772,0.64902,1.57226,0.44610,0.07957,0.10816,0.03112
14.32,0,3.80507,2.48152,3.09040,0.50300,0.09835,0.00000,
14.32,1,4.40135,1.76319,2.04339,0.46231,0.48181,0.06643,0.01004
14.32,2,4.45771,0.65743,1.57382,0.39956,0.07445,0.10720,0.03920
14.34,0,3.79501,2.48204,3.09233,0.50377,0.09467,0.00000,
14.34,1,4.39772,1.77067,2.05162,0.35968,0.29648,0.06764,0.02011
14.34,2,4.45769,0.66470,1.57618,0.30892,0.01687,0.10759,0.01287
14.36,0,3.78546,2.48253,3.09404,0.47047,0.08693,0.00000,
14.36,1,4.39419,1.77722,2.06026,0.38391,0.49725,0.06833,0.02968
14.36,2,4.45760,0.67085,1.57645,0.27784,0.00707,0.10819,0.02031
14.38,0,3.77595,2.48299,3.09588,0.48010,0.09289,0.00000,
14.38,1,4.39088,1.78323,2.07051,0.28628,0.51717,0.06843,0.03921
14.38,2,4.45759,0.67740,1.57300,0.36534,-0.20105,0.10783,0.02716
14.4,0,3.76633,2.48343,3.09765,0.48113,0.08434,0.00000,
14.4,1,4.38808,1.78826,2.07861,0.29021,0.34264,0.06735,0.04883
14.4,2,4.45757,0.68456,1.57184,0.37348,-0.04827,0.10588,0.03292
14.42,0,3.75675,2.48386,3.09927,0.47837,0.07940,0.00000,
14.42,1,4.38524,1.79333,2.08530,0.28986,0.34216,0.06628,0.05842
14.42,2,4.45763,0.69224,1.56530,0.35409,-0.76938,0.10347,0.00291
14.44,0,3.74733,2.48426,3.10096,0.49649,0.07695,0.00000,
14.44,1,4.38217,1.79852,2.09479,0.33852,0.56541,0.06552,0.01901
14.44,2,4.45768,0.70106,1.53261,0.47454,-1.68192,0.10005,0.00893
14.46,0,3.73707,2.48467,3.10242,0.51925,0.07162,0.00000,
14.46,1,4.37883,1.80461,2.10319,0.34724,0.34477,0.06494,0.02928
14.46,2,4.45765,0.71090,1.51162,0.46971,-0.31659,0.09655,0.01588
14.48,0,3.72680,2.48508,3.10386,0.50755,0.07221,0.00000,
14.48,1,4.37544,1.81041,2.11007,0.32565,0.36436,0.06410,0.03956
14.48,2,4.45803,0.71881,1.51900,0.34214,0.66266,0.09472,0.02259
14.5,0,3.71679,2.48545,3.10529,0.49762,0.07013,0.00000,
14.5,1,4.37215,1.81584,2.11797,0.31344,0.41070,0.06305,0.04958
14.5,2,4.45841,0.72407,1.52996,0.21979,0.39596,0.09518,0.02894
14.52,0,3.70685,2.48581,3.10665,0.49830,0.06681,0.00000,
14.52,1,4.36772,1.82307,2.13013,0.51692,0.61020,0.06406,0.00995
14.52,2,4.45868,0.72953,1.53490,0.37791,0.28710,0.09732,0.00501
14.54,0,3.69685,2.48616,3.10796,0.50139,0.06412,0.00000,
14.54,1,4.36258,1.83173,2.14471,0.46469,0.82480,0.06646,0.01995
14.54,2,4.45892,0.73704,1.54508,0.32927,0.53262,0.09892,0.01507
14.56,0,3.68682,2.48650,3.10921,0.50205,0.06181,0.00000,
14.56,1,4.35818,1.83854,2.15657,0.39288,0.51057,0.06695,0.02999
14.56,2,4.45920,0.74388,1.55365,0.37111,0.25901,0.09931,0.02318
14.58,0,3.67679,2.48683,3.11042,0.50134,0.05949,0.00000,
14.58,1,4.35443,1.84403,2.16575,0.27315,0.43180,0.06598,0.04002
14.58,2,4.45936,0.75222,1.55644,0.44514,0.10379,0.09684,0.02981
14.6,0,3.66721,2.48713,3.11150,0.46708,0.05323,0.00000,
14.6,1,4.35127,1.84861,2.17314,0.28408,0.34555,0.06424,0.04961
14.6,2,4.45947,0.76118,1.55932,0.44086,0.18421,0.09280,0.03538
14.62,0,3.65775,2.48743,3.11265,0.47766,0.05832,0.00000,
14.62,1,4.34782,1.85355,2.18401,0.31653,0.84932,0.06298,0.00947
14.62,2,4.45956,0.76966,1.56354,0.41146,0.21834,0.08963,0.00315
14.64,0,3.64816,2.48771,3.11376,0.47958,0.05327,0.00000,
14.64,1,4.34407,1.85863,2.19686,0.33236,0.44828,0.06190,0.01906
14.64,2,4.45962,0.77756,1.54751,0.40673,-1.17491,0.08722,0.00947
14.66,0,3.63875,2.48797,3.11483,0.45173,0.05707,0.00000,
14.66,1,4.34011,1.86415,2.20316,0.33932,0.28059,0.06136,0.02847
14.66,2,4.45980,0.78554,1.52646,0.37759,-0.67045,0.08523,0.01627
14.68,0,3.62905,2.48823,3.11583,0.50749,0.04655,0.00000,
14.68,1,4.33620,1.86947,2.20976,0.32210,0.37489,0.06036,0.03817
14.68,2,4.46009,0.79190,1.52806,0.23433,0.51531,0.08467,0.02287
14.7,0,3.61874,2.48850,3.11674,0.51580,0.04565,0.00000,
14.7,1,4.33261,1.87431,2.21765,0.26520,0.38611,0.05828,0.04849
14.7,2,4.46029,0.79693,1.53906,0.26929,0.46238,0.08492,0.02889
14.72,0,3.60858,2.48875,3.11766,0.50177,0.04574,0.00000,
14.72,1,4.32940,1.87859,2.22514,0.27091,0.36486,0.05561,0.01016
14.72,2,4.46045,0.80264,1.54565,0.31015,0.35060,0.08390,0.00269
14.74,0,3.59864,2.48899,3.11856,0.49543,0.04390,0.00000,
14.74,1,4.32598,1.88335,2.22211,0.28760,-0.28389,0.05352,0.02011
14.74,2,4.46058,0.80882,1.55452,0.33520,0.41432,0.08293,0.00856
14.76,0,3.58871,2.48921,3.11941,0.49778,0.04185,0.00000,
14.76,1,4.32237,1.88799,2.21790,0.30278,-0.07782,0.05146,0.03004
14.76,2,4.46071,0.81589,1.56067,0.35124,0.24288,0.08100,0.01443
14.78,0,3.57873,2.48944,3.12023,0.50028,0.04028,0.00000,
14.78,1,4.31786,1.89482,2.21396,0.44682,0.12820,0.05138,0.04002
14.78,2,4.46080,0.82246,1.56527,0.31053,0.23712,0.08184,0.02261
14.8,0,3.56872,2.48965,3.12102,0.50029,0.03882,0.00000,
14.8,1,4.31231,1.90209,2.21861,0.45440,0.21630,0.05229,0.05003
14.8,2,4.46084,0.82827,1.57038,0.24230,0.27393,0.08404,0.03175
14.82,0,3.55873,2.48986,3.12178,0.49956,0.03734,0.00000,
14.82,1,4.30640,1.90967,2.22991,0.51323,0.93147,0.05362,0.01000
14.82,2,4.46085,0.83275,1.57563,0.24111,0.24738,0.08794,0.04136
14.84,0,3.54874,2.49005,3.12251,0.49936,0.03589,0.00000,
14.84,1,4.30071,1.91715,2.24711,0.42074,0.69161,0.05466,0.01999
14.84,2,4.46086,0.83903,1.58286,0.30863,0.46007,0.08995,0.01447
14.86,0,3.53875,2.49024,3.12322,0.49952,0.03452,0.00000,
14.86,1,4.29627,1.92287,2.25682,0.29498,0.37362,0.05356,0.02997
14.86,2,4.46085,0.84437,1.59634,0.26641,1.03935,0.09099,0.02171
14.88,0,3.52899,2.49043,3.12386,0.46280,0.02859,0.00000,
14.88,1,4.29285,1.92723,2.26444,0.28712,0.41674,0.05096,0.03974
14.88,2,4.46079,0.85022,1.61279,0.34688,0.45598,0.09003,0.02725
14.9,0,3.51961,2.49060,3.12449,0.47397,0.03350,0.00000,
14.9,1,4.28903,1.93186,2.27346,0.30676,0.46067,0.04911,0.04912
14.9,2,4.46053,0.85852,1.61555,0.46085,0.01954,0.08695,0.03325
14.92,0,3.51007,2.49076,3.12515,0.47841,0.03159,0.00000,
14.92,1,4.28520,1.93627,2.27966,0.31213,0.35066,0.04696,0.05866
14.92,2,4.46012,0.86849,1.61728,0.50604,0.16437,0.08201,0.03909
14.94,0,3.50062,2.49092,3.12577,0.44397,0.03402,0.00000,
14.94,1,4.28010,1.94205,2.29394,0.43604,0.94674,0.04667,0.01899
14.94,2,4.45969,0.87725,1.62375,0.39461,0.54272,0.07984,0.01064
14.96,0,3.49105,2.49107,3.12636,0.50293,0.02709,0.00000,
14.96,1,4.27472,1.94821,2.30764,0.37153,0.41687,0.04667,0.02856
14.96,2,4.45929,0.88461,1.63348,0.34701,0.34873,0.07949,0.01882
14.98,0,3.48077,2.49123,3.12689,0.51563,0.02633,0.00000,
14.98,1,4.27006,1.95338,2.31473,0.33429,0.35153,0.04488,0.03884
14.98,2,4.45888,0.88950,1.63941,0.20822,0.31341,0.08050,0.02578
15.0,0,3.47061,2.49138,3.12742,0.50189,0.02655,0.00000,
15.0,1,4.26566,1.95817,2.32238,0.29551,0.36379,0.04270,0.04901
15.0,2,4.45848,0.89407,1.64510,0.24798,0.22934,0.08143,0.03229
15.02,0,3.46067,2.49152,3.12794,0.49433,0.02554,0.00000,
15.02,1,4.26159,1.96257,2.32889,0.34999,-0.23490,0.04018,0.00993
15.02,2,4.45812,0.89904,1.64842,0.22780,0.12478,0.08154,0.03828
15.04,0,3.45077,2.49165,3.12844,0.49626,0.02431,0.00000,
15.04,1,4.25645,1.96816,2.31654,0.34758,-0.97522,0.03919,0.01983
15.04,2,4.45769,0.90459,1.65173,0.39416,0.30783,0.08244,0.01075
15.06,0,3.44082,2.49178,3.12891,0.49900,0.02339,0.00000,
15.06,1,4.25242,1.97223,2.29550,0.27388,-0.41538,0.03634,0.02979
15.06,2,4.45697,0.91383,1.65830,0.43163,0.21775,0.07799,0.01648
15.08,0,3.43083,2.49191,3.12937,0.49920,0.02255,0.00000,
15.08,1,4.24891,1.97615,2.29222,0.21762,-0.37287,0.03291,0.03978
15.08,2,4.45625,0.92218,1.66236,0.39426,0.18013,0.07417,0.02173
15.1,0,3.42086,2.49203,3.12981,0.49845,0.02169,0.00000,
15.1,1,4.24676,1.97836,2.28649,0.11323,-0.25884,0.02739,0.04975
15.1,2,4.45557,0.92869,1.66621,0.22794,0.25486,0.07023,0.02482
15.12,0,3.41089,2.49215,3.13024,0.49819,0.02085,0.00000,
15.12,1,4.24440,1.98043,2.29057,0.22537,0.68496,0.02194,0.00997
15.12,2,4.45493,0.93227,1.67243,0.10740,0.35803,0.06909,0.00204
15.14,0,3.40093,2.49226,3.13064,0.49834,0.02006,0.00000,
15.14,1,4.24151,1.98386,2.29790,0.21384,0.10301,0.01763,0.01993
15.14,2,4.45424,0.93613,1.67241,0.19501,-0.07138,0.06910,0.00650
15.16,0,3.39096,2.49237,3.13104,0.49845,0.01929,0.00000,
15.16,1,4.23789,1.98793,2.30200,0.31715,0.46070,0.01422,0.02990
15.16,2,4.45382,0.93932,1.67338,0.13301,0.15222,0.07061,0.01195
15.18,0,3.38099,2.49248,3.13142,0.49844,0.01856,0.00000,
15.18,1,4.23356,1.99283,2.30999,0.34217,0.40430,0.01181,0.03987
15.18,2,4.45353,0.94228,1.67786,0.16729,0.24708,0.07333,0.01850
15.2,0,3.37102,2.49258,3.13178,0.49841,0.01785,0.00000,
15.2,1,4.22868,1.99818,2.31996,0.37304,0.56931,0.01005,0.04984
15.2,2,4.45316,0.94579,1.68223,0.17751,0.18959,0.07607,0.02573
15.22,0,3.36106,2.49268,3.13213,0.49840,0.01717,0.00000,
15.22,1,4.22158,2.00547,2.33525,0.54271,0.67786,0.01113,0.00997
15.22,2,4.45279,0.94917,1.68558,0.16342,0.15793,0.08130,0.03591
15.24,0,3.35152,2.49277,3.13244,0.46494,0.01531,0.00000,
15.24,1,4.21445,2.01251,2.34714,0.49250,0.63764,0.01242,0.01950
15.24,2,4.45242,0.95334,1.68862,0.40849,0.12473,0.08558,0.01557
15.26,0,3.34210,2.49286,3.13277,0.47530,0.01688,0.00000,
15.26,1,4.20784,2.01924,2.35877,0.44532,0.52477,0.01318,0.02893
15.26,2,4.45205,0.96093,1.69175,0.32845,0.10214,0.08612,0.02501
15.28,0,3.33256,2.49294,3.13309,0.47702,0.01541,0.00000,
15.28,1,4.20253,2.02466,2.36764,0.31658,0.37919,0.01200,0.03847
15.28,2,4.45162,0.96698,1.68855,0.32265,-0.21275,0.08662,0.03259
15.3,0,3.32327,2.49302,3.13341,0.47644,0.01504,0.00000,
15.3,1,4.19797,2.02921,2.37765,0.32945,0.57322,0.00993,0.04776
15.3,2,4.45065,0.97519,1.68979,0.48574,0.25256,0.08388,0.03903
15.32,0,3.31323,2.49311,3.13368,0.51444,0.01323,0.00000,
15.32,1,4.19258,2.03424,2.39124,0.42141,0.77300,0.00813,0.01004
15.32,2,4.44933,0.98541,1.69563,0.44521,0.26109,0.07980,0.00403
15.34,0,3.30297,2.49319,3.13395,0.50838,0.01349,0.00000,
15.34,1,4.18657,2.03964,2.40078,0.40534,0.37161,0.00679,0.02030
15.34,2,4.44804,0.99458,1.70292,0.44710,0.35904,0.07727,0.01211
15.36,0,3.29295,2.49326,3.13422,0.49555,0.01328,0.00000,
15.36,1,4.18067,2.04505,2.40891,0.39430,0.45852,0.00555,0.03031
15.36,2,4.44695,1.00255,1.70834,0.36896,0.20438,0.07598,0.02012
15.38,0,3.28308,2.49334,3.13448,0.49376,0.01262,0.00000,
15.38,1,4.17489,2.05019,2.41907,0.38158,0.52954,0.00416,0.04019
15.38,2,4.44600,1.00854,1.71311,0.23985,0.28979,0.07635,0.02785
15.4,0,3.27317,2.49341,3.13472,0.49702,0.01208,0.00000,
15.4,1,4.17002,2.05466,2.42816,0.32718,0.51190,0.00158,0.05010
15.4,2,4.44513,1.01390,1.71725,0.29564,0.16179,0.07650,0.03446
15.42,0,3.26321,2.49347,3.13496,0.49844,0.01165,0.00000,
15.42,1,4.16396,2.05976,2.43247,0.46665,-0.15985,0.00028,0.00996
15.42,2,4.44421,1.02012,1.72081,0.34668,0.37846,0.07675,0.00449
15.44,0,3.25324,2.49354,3.13519,0.49788,0.01122,0.00000,
15.44,1,4.15702,2.06551,2.42994,0.40600,-0.03444,0.00001,0.01992
15.44,2,4.44329,1.02691,1.72723,0.32561,0.19042,0.07733,0.01349
15.46,0,3.24329,2.49360,3.13541,0.49731,0.01079,0.00000,
15.46,1,4.15139,2.07078,2.43056,0.38370,0.09341,0.00170,0.02988
15.46,2,4.44213,1.03445,1.73023,0.41959,0.15420,0.07634,0.02120
15.48,0,3.23335,2.49367,3.13562,0.49732,0.01037,0.00000,
15.48,1,4.14594,2.07573,2.43563,0.32062,0.25441,0.00374,0.03982
15.48,2,4.44073,1.04296,1.73400,0.42761,0.21165,0.07402,0.02855
15.5,0,3.22340,2.49373,3.13582,0.49749,0.00998,0.00000,
15.5,1,4.14086,2.08016,2.44658,0.34882,0.68005,0.00636,0.04977
15.5,2,4.43938,1.05103,1.73837,0.39441,0.21615,0.07155,0.03530
15.52,0,3.21345,2.49378,3.13602,0.49753,0.00960,0.00000,
15.52,1,4.13367,2.08593,2.46044,0.45019,0.56379,0.00656,0.00995
15.52,2,4.43809,1.05861,1.74248,0.38002,0.19722,0.07147,0.04450
15.54,0,3.20350,2.49384,3.13621,0.49750,0.00923,0.00000,
15.54,1,4.12671,2.09132,2.47145,0.44043,0.54305,0.00714,0.01990
15.54,2,4.43676,1.06672,1.74728,0.45031,0.42690,0.07049,0.01360
15.56,0,3.19355,2.49389,3.13639,0.49747,0.00888,0.00000,
15.56,1,4.11978,2.09643,2.48054,0.43680,0.42365,0.00791,0.02985
15.56,2,4.43525,1.07550,1.75730,0.44964,0.42310,0.06855,0.02220
15.58,0,3.18360,2.49394,3.13656,0.49748,0.00854,0.00000,
15.58,1,4.11361,2.10141,2.48762,0.36246,0.37976,0.00945,0.03980
15.58,2,4.43357,1.08451,1.76243,0.46253,0.15503,0.06605,0.03013
15.6,0,3.17365,2.49399,3.13673,0.49748,0.00822,0.00000,
15.6,1,4.10792,2.10597,2.49830,0.36570,0.58943,0.01164,0.04975
15.6,2,4.43182,1.09354,1.76519,0.45536,0.15243,0.06298,0.03742
15.62,0,3.16370,2.49404,3.13689,0.49749,0.00790,0.00000,
15.62,1,4.10009,2.11182,2.50975,0.49498,0.47000,0.01139,0.00995
15.62,2,4.43005,1.10269,1.76948,0.55794,0.39222,0.06171,0.00520
15.64,0,3.15375,2.49409,3.13704,0.49748,0.00760,0.00000,
15.64,1,4.09261,2.11727,2.51969,0.46272,0.52778,0.01166,0.01990
15.64,2,4.42774,1.11485,1.77661,0.61085,0.27807,0.05696,0.01445
15.66,0,3.14380,2.49413,3.13719,0.49748,0.00731,0.00000,
15.66,1,4.08496,2.12241,2.52951,0.45452,0.44522,0.01191,0.02985
15.66,2,4.42536,1.12612,1.78066,0.56084,0.15664,0.05284,0.02366
15.68,0,3.13441,2.49418,3.13732,0.46654,0.00682,0.00000,
15.68,1,4.07912,2.12694,2.53527,0.33972,0.37350,0.01357,0.03924
15.68,2,4.42307,1.13652,1.78403,0.47435,0.26664,0.04845,0.03106
15.7,0,3.12497,2.49422,3.13747,0.47552,0.00720,0.00000,
15.7,1,4.07353,2.13109,2.54593,0.35479,0.57178,0.01569,0.04869
15.7,2,4.42110,1.14421,1.79057,0.40324,0.21895,0.04630,0.03802
15.72,0,3.11544,2.49426,3.13760,0.47571,0.00649,0.00000,
15.72,1,4.06682,2.13552,2.55856,0.42271,0.60328,0.01676,0.00952
15.72,2,4.41920,1.15243,1.79359,0.43162,0.13729,0.04434,0.04605
15.74,0,3.10609,2.49430,3.13774,0.49288,0.00605,0.00000,
15.74,1,4.05968,2.14002,2.57030,0.41913,0.53325,0.01727,0.01887
15.74,2,4.41749,1.15936,1.79043,0.26339,-0.68173,0.04390,0.01264
15.76,0,3.09591,2.49433,3.13785,0.51508,0.00569,0.00000,
15.76,1,4.05270,2.14439,2.57853,0.40538,0.35586,0.01878,0.02906
15.76,2,4.41613,1.16395,1.78301,0.19966,0.27542,0.04563,0.02088
15.78,0,3.08572,2.49437,3.13797,0.50302,0.00583,0.00000,
15.78,1,4.04596,2.14867,2.58593,0.39513,0.39553,0.02058,0.03925
15.78,2,4.41485,1.16853,1.79272,0.26753,0.53503,0.04726,0.02886
15.8,0,3.07578,2.49441,3.13808,0.49315,0.00565,0.00000,
15.8,1,4.03967,2.15274,2.59312,0.35194,0.34150,0.02266,0.04918
15.8,2,4.41325,1.17484,1.79997,0.33405,0.18705,0.04682,0.03635
15.82,0,3.06592,2.49444,3.13819,0.49394,0.00536,0.00000,
15.82,1,4.03238,2.15707,2.59507,0.49720,-0.25276,0.02365,0.00986
15.82,2,4.41155,1.18127,1.80210,0.42636,0.24302,0.04687,0.00478
15.84,0,3.05601,2.49448,3.13830,0.49704,0.00515,0.00000,
15.84,1,4.02384,2.16192,2.59049,0.45596,-0.11350,0.02338,0.01978
15.84,2,4.40952,1.18977,1.78788,0.44242,-0.45224,0.04585,0.01461
15.86,0,3.04606,2.49451,3.13840,0.49767,0.00497,0.00000,
15.86,1,4.01683,2.16649,2.59242,0.42981,0.15074,0.02469,0.02973
15.86,2,4.40757,1.19825,1.78566,0.34978,-0.62273,0.04411,0.02297
15.88,0,3.03611,2.49454,3.13850,0.49694,0.00478,0.00000,
15.88,1,4.01001,2.17099,2.59564,0.35900,0.14426,0.02623,0.03967
15.88,2,4.40631,1.20315,1.77300,0.17898,-0.23040,0.04584,0.03114
15.9,0,3.02618,2.49457,3.13859,0.49655,0.00459,0.00000,
15.9,1,4.00415,2.17492,2.60183,0.34836,0.37969,0.02889,0.04961
15.9,2,4.40512,1.20562,1.76797,0.11898,-0.24877,0.04897,0.03818
15.92,0,3.01625,2.49460,3.13868,0.49666,0.00442,0.00000,
15.92,1,3.99806,2.17863,2.61036,0.36424,0.44312,0.03140,0.00993
15.92,2,4.40407,1.20837,1.76540,0.19912,0.09693,0.05178,0.00361
15.94,0,3.00631,2.49463,3.13877,0.49680,0.00425,0.00000,
15.94,1,3.98879,2.18360,2.62446,0.53828,0.77592,0.03054,0.01987
15.94,2,4.40347,1.21091,1.77871,0.12164,0.80844,0.05739,0.01412
15.96,0,2.99637,2.49466,3.13885,0.49681,0.00409,0.00000,
15.96,1,3.97973,2.18840,2.64018,0.50840,0.78778,0.02994,0.02980
15.96,2,4.40265,1.21507,1.79137,0.30210,0.49398,0.06125,0.02438
15.98,0,2.98644,2.49469,3.13893,0.49677,0.00393,0.00000,
15.98,1,3.97132,2.19326,2.65287,0.49012,0.42952,0.02998,0.03974
15.98,2,4.40133,1.22116,1.80136,0.32362,0.54857,0.06297,0.03408
16.0,0,2.97650,2.49471,3.13901,0.49676,0.00378,0.00000,
16.0,1,3.96416,2.19758,2.65627,0.35595,0.10399,0.03138,0.04967
16.0,2,4.39989,1.22746,1.80885,0.34038,0.28947,0.06348,0.04244
16.02,0,2.96657,2.49474,3.13908,0.49677,0.00364,0.00000,
16.02,1,3.95773,2.20111,2.66323,0.42727,0.54221,0.03374,0.00994
16.02,2,4.39826,1.23427,1.81434,0.35050,0.28494,0.06248,0.04978
16.04,0,2.95663,2.49476,3.13915,0.49677,0.00350,0.00000,
16.04,1,3.94854,2.20536,2.67942,0.46581,0.84693,0.03327,0.01987
16.04,2,4.39644,1.24176,1.82254,0.49653,0.67974,0.06261,0.01387
16.06,0,2.94670,2.49479,3.13922,0.49677,0.00337,0.00000,
16.06,1,3.94027,2.20946,2.69490,0.47150,0.64979,0.03373,0.02981
16.06,2,4.39404,1.25167,1.83537,0.44935,0.48628,0.05984,0.02310
16.08,0,2.93676,2.49481,3.13929,0.49677,0.00324,0.00000,
16.08,1,3.93180,2.21382,2.70382,0.47034,0.27973,0.03396,0.03974
16.08,2,4.39181,1.25999,1.84327,0.40802,0.32171,0.05896,0.03263
16.1,0,2.92683,2.49483,3.13935,0.49677,0.00312,0.00000,
16.1,1,3.92461,2.21742,2.70624,0.37511,0.18526,0.03563,0.04968
16.1,2,4.38984,1.26637,1.85087,0.24605,0.51449,0.05874,0.04067
16.12,0,2.91689,2.49486,3.13941,0.49677,0.00300,0.00000,
16.12,1,3.91774,2.22060,2.71284,0.38259,0.39052,0.03774,0.05961
16.12,2,4.38812,1.27113,1.86081,0.26476,0.43004,0.05960,0.04824
16.14,0,2.90696,2.49488,3.13947,0.49677,0.00288,0.00000,
16.14,1,3.90781,2.22471,2.72414,0.55352,0.69981,0.03667,0.01987
16.14,2,4.38625,1.27765,1.86865,0.49452,0.51660,0.06105,0.01456
16.16,0,2.89702,2.49490,3.13953,0.49677,0.00277,0.00000,
16.16,1,3.89822,2.22891,2.73935,0.52191,0.75265,0.03593,0.02981
16.16,2,4.38374,1.28595,1.86948,0.40143,-0.08001,0.06061,0.02502
16.18,0,2.88709,2.49492,3.13958,0.49677,0.00267,0.00000,
16.18,1,3.88910,2.23314,2.75231,0.49623,0.41451,0.03565,0.03974
16.18,2,4.38107,1.29357,1.86836,0.40695,-0.01260,0.06058,0.03507
16.2,0,2.87715,2.49494,3.13963,0.49677,0.00257,0.00000,
16.2,1,3.88122,2.23671,2.75432,0.36785,-0.02733,0.03674,0.04968
16.2,2,4.37828,1.30109,1.87030,0.39189,0.23542,0.05945,0.04372
16.22,0,2.86736,2.49496,3.13968,0.45958,0.00189,0.00000,
16.22,1,3.87434,2.23966,2.75826,0.38047,0.32989,0.03884,0.05946
16.22,2,4.37620,1.30748,1.87876,0.31708,0.42664,0.05869,0.00378
16.24,0,2.85806,2.49498,3.13972,0.47048,0.00249,0.00000,
16.24,1,3.86469,2.24321,2.76775,0.57698,0.53179,0.03764,0.01909
16.24,2,4.37356,1.31612,1.89212,0.46428,0.57705,0.05757,0.01406
16.26,0,2.84857,2.49500,3.13977,0.47582,0.00241,0.00000,
16.26,1,3.85547,2.24688,2.78133,0.48547,0.60232,0.03701,0.02858
16.26,2,4.37090,1.32409,1.90005,0.42032,0.36001,0.05699,0.02398
16.28,0,2.83925,2.49501,3.13982,0.45524,0.00253,0.00000,
16.28,1,3.84633,2.25058,2.78874,0.48849,0.18824,0.03631,0.03790
16.28,2,4.36824,1.33183,1.90690,0.39613,0.32808,0.05664,0.03384
16.3,0,2.82950,2.49503,3.13987,0.50779,0.00193,0.00000,
16.3,1,3.83907,2.25362,2.78853,0.36944,0.09350,0.03803,0.04765
16.3,2,4.36598,1.33777,1.91504,0.29981,0.34833,0.05661,0.04171
16.32,0,2.81923,2.49505,3.13990,0.51186,0.00196,0.00000,
16.32,1,3.83124,2.25648,2.77758,0.41894,-0.88313,0.03974,0.01027
16.32,2,4.36382,1.34358,1.92046,0.31664,0.24687,0.05689,0.05004
16.34,0,2.80916,2.49507,3.13994,0.49759,0.00200,0.00000,
16.34,1,3.82423,2.25939,2.76845,0.33609,-0.00756,0.04207,0.02034
16.34,2,4.36158,1.34979,1.92327,0.32388,-0.49125,0.05647,0.01182
16.36,0,2.79928,2.49508,3.13998,0.49242,0.00190,0.00000,
16.36,1,3.81719,2.26221,2.77502,0.43306,0.44449,0.04421,0.03022
16.36,2,4.35940,1.35554,1.91111,0.27101,-0.23400,0.05643,0.01940
16.38,0,2.78941,2.49510,3.14002,0.49517,0.00181,0.00000,
16.38,1,3.80847,2.26550,2.78271,0.47500,0.30870,0.04461,0.04009
16.38,2,4.35734,1.36123,1.90570,0.30729,0.48003,0.05781,0.02872
16.4,0,2.77947,2.49511,3.14006,0.49744,0.00174,0.00000,
16.4,1,3.79989,2.26867,2.78770,0.43916,0.22612,0.04524,0.05003
16.4,2,4.35488,1.36789,1.92188,0.38555,0.80065,0.05803,0.03787
16.42,0,2.76952,2.49513,3.14009,0.49726,0.00168,0.00000,
16.42,1,3.79071,2.27191,2.79368,0.60190,0.42648,0.04529,0.00995
16.42,2,4.35208,1.37538,1.93218,0.40119,0.31495,0.05778,0.04760
16.44,0,2.75959,2.49514,3.14012,0.49655,0.00162,0.00000,
16.44,1,3.77968,2.27599,2.80469,0.54607,0.68682,0.04337,0.01989
16.44,2,4.34892,1.38369,1.93999,0.48796,0.48343,0.05841,0.01721
16.46,0,2.74966,2.49516,3.14015,0.49641,0.00155,0.00000,
16.46,1,3.76968,2.27977,2.81534,0.51392,0.33109,0.04251,0.02981
16.46,2,4.34546,1.39281,1.94725,0.48233,0.38407,0.05746,0.02790
16.48,0,2.73973,2.49517,3.14018,0.49657,0.00149,0.00000,
16.48,1,3.76166,2.28283,2.81638,0.34222,-0.10680,0.04376,0.03974
16.48,2,4.34221,1.40124,1.95528,0.42475,0.38807,0.05557,0.03648
16.5,0,2.72980,2.49519,3.14021,0.49666,0.00144,0.00000,
16.5,1,3.75525,2.28540,2.81598,0.35075,0.03719,0.04669,0.04968
16.5,2,4.33942,1.40767,1.96424,0.32233,0.40743,0.05435,0.04338
16.52,0,2.71986,2.49520,3.14024,0.49664,0.00138,0.00000,
16.52,1,3.74563,2.28838,2.82274,0.54960,0.66320,0.04641,0.00993
16.52,2,4.33676,1.41385,1.97051,0.34643,0.27978,0.05558,0.05345
16.54,0,2.70993,2.49521,3.14027,0.49661,0.00133,0.00000,
16.54,1,3.73610,2.29164,2.83838,0.50170,0.75252,0.04616,0.01987
16.54,2,4.33383,1.42096,1.98115,0.38593,0.80733,0.05612,0.01585
16.56,0,2.70000,2.49523,3.14029,0.49660,0.00128,0.00000,
16.56,1,3.72662,2.29515,2.85056,0.48285,0.48569,0.04593,0.02980
16.56,2,4.33087,1.42713,1.99400,0.35227,0.50521,0.05763,0.02595
16.58,0,2.69007,2.49524,3.14032,0.49661,0.00123,0.00000,
16.58,1,3.71758,2.29803,2.85444,0.41360,-0.09051,0.04627,0.03973
16.58,2,4.32737,1.43476,2.00077,0.47087,0.25651,0.05692,0.03544
16.6,0,2.68013,2.49525,3.14034,0.49662,0.00118,0.00000,
16.6,1,3.71010,2.30043,2.85453,0.40037,0.15888,0.04823,0.04966
16.6,2,4.32325,1.44374,2.00616,0.49589,0.30171,0.05351,0.04330
16.62,0,2.67020,2.49526,3.14037,0.49661,0.00114,0.00000,
16.62,1,3.70230,2.30271,2.85942,0.40785,0.26347,0.04990,0.05959
16.62,2,4.31926,1.45231,2.01266,0.44973,0.31989,0.05063,0.05142
16.64,0,2.66027,2.49528,3.14039,0.49661,0.00110,0.00000,
16.64,1,3.69124,2.30550,2.86670,0.59963,0.46790,0.04829,0.01986
16.64,2,4.31607,1.45865,2.01064,0.28250,-0.50451,0.05241,0.01549
16.66,0,2.65034,2.49529,3.14041,0.49661,0.00105,0.00000,
16.66,1,3.68121,2.30852,2.88000,0.51134,0.66290,0.04765,0.02980
16.66,2,4.31350,1.46285,2.00183,0.16440,-0.31873,0.05591,0.02595
16.68,0,2.64041,2.49530,3.14043,0.49661,0.00101,0.00000,
16.68,1,3.67160,2.31153,2.88863,0.43196,0.08569,0.04744,0.03973
16.68,2,4.31170,1.46460,1.99653,0.10847,-0.17780,0.06161,0.03602
16.7,0,2.63047,2.49531,3.14045,0.49661,0.00097,0.00000,
16.7,1,3.66464,2.31387,2.88867,0.37035,0.11176,0.04996,0.04966
16.7,2,4.30930,1.46929,1.98240,0.34768,-1.10154,0.06250,0.04336
16.72,0,2.62054,2.49532,3.14047,0.49661,0.00094,0.00000,
16.72,1,3.65664,2.31588,2.89308,0.51440,0.40331,0.05152,0.00993
16.72,2,4.30696,1.47509,1.96243,0.30500,-0.98686,0.06294,0.05160
16.74,0,2.61061,2.49533,3.14049,0.49661,0.00090,0.00000,
16.74,1,3.64712,2.31801,2.90681,0.48534,0.69184,0.05157,0.01986
16.74,2,4.30502,1.48069,1.94468,0.27331,-0.64718,0.06486,0.01423
16.76,0,2.60068,2.49535,3.14051,0.49661,0.00087,0.00000,
16.76,1,3.63801,2.32045,2.91833,0.46833,0.36243,0.05197,0.02980
16.76,2,4.30300,1.48633,1.94658,0.34021,0.66017,0.06675,0.02366
16.78,0,2.59074,2.49536,3.14052,0.49661,0.00083,0.00000,
16.78,1,3.62852,2.32278,2.91966,0.49373,-0.06853,0.05203,0.03973
16.78,2,4.30029,1.49305,1.96390,0.38117,0.82162,0.06758,0.03343
16.8,0,2.58081,2.49537,3.14054,0.49661,0.00080,0.00000,
16.8,1,3.62067,2.32474,2.91720,0.39973,0.03294,0.05376,0.04966
16.8,2,4.29733,1.50005,1.97636,0.37129,0.49440,0.06677,0.04152
16.82,0,2.57088,2.49538,3.14056,0.49661,0.00077,0.00000,
16.82,1,3.61278,2.32652,2.92037,0.40592,0.20110,0.05550,0.05959
16.82,2,4.29451,1.50657,1.98556,0.34438,0.46761,0.06634,0.04960
16.84,0,2.56162,2.49539,3.14057,0.46817,0.00074,0.00000,
16.84,1,3.60229,2.32859,2.92634,0.55301,0.46349,0.05396,0.01919
16.84,2,4.29158,1.51318,1.99393,0.44574,0.15411,0.06771,0.01475
16.86,0,2.55216,2.49540,3.14058,0.47539,0.00081,0.00000,
16.86,1,3.59151,2.33085,2.93568,0.53197,0.49461,0.05229,0.02865
16.86,2,4.28783,1.52192,1.99071,0.47314,-0.12497,0.06734,0.02577
16.88,0,2.54281,2.49541,3.14060,0.44857,0.00092,0.00000,
16.88,1,3.58151,2.33312,2.94174,0.51451,0.08734,0.05131,0.03800
16.88,2,4.28458,1.52941,1.99338,0.39608,0.47769,0.06783,0.03601
16.9,0,2.53316,2.49542,3.14061,0.50478,0.00056,0.00000,
16.9,1,3.57355,2.33513,2.93921,0.35693,-0.11572,0.05267,0.04765
16.9,2,4.28114,1.53680,2.00801,0.37438,0.83055,0.06678,0.04422
16.92,0,2.52290,2.49543,3.14062,0.51247,0.00058,0.00000,
16.92,1,3.56580,2.33677,2.93599,0.42111,-0.08814,0.05490,0.01025
16.92,2,4.27797,1.54340,2.02333,0.45345,0.86048,0.06612,0.00414
16.94,0,2.51281,2.49544,3.14064,0.49813,0.00063,0.00000,
16.94,1,3.55789,2.33834,2.93909,0.40497,0.26850,0.05682,0.02035
16.94,2,4.27427,1.55134,2.03974,0.39109,0.64861,0.06423,0.01221
16.96,0,2.50294,2.49545,3.14065,0.49189,0.00060,0.00000,
16.96,1,3.54852,2.34028,2.94230,0.51591,0.08256,0.05703,0.03022
16.96,2,4.27063,1.55844,2.05080,0.42858,0.55728,0.06429,0.02178
16.98,0,2.49308,2.49545,3.14066,0.49435,0.00056,0.00000,
16.98,1,3.53853,2.34232,2.94348,0.49198,0.06375,0.05660,0.04008
16.98,2,4.26653,1.56618,2.06157,0.43392,0.51643,0.06413,0.03197
17.0,0,2.48316,2.49546,3.14067,0.49686,0.00054,0.00000,
17.0,1,3.52948,2.34415,2.94508,0.41199,0.03399,0.05721,0.05000
17.0,2,4.26296,1.57267,2.07212,0.35277,0.48382,0.06450,0.04120
17.02,0,2.47322,2.49547,3.14068,0.49683,0.00053,0.00000,
17.02,1,3.51985,2.34589,2.94619,0.57530,0.03483,0.05726,0.00994
17.02,2,4.25958,1.57878,2.08126,0.34665,0.45056,0.06568,0.05099
17.04,0,2.46329,2.49548,3.14069,0.49609,0.00051,0.00000,
17.04,1,3.50924,2.34765,2.94695,0.47223,0.07582,0.05634,0.01987
17.04,2,4.25620,1.58498,2.09233,0.31696,0.72158,0.06752,0.01640
17.06,0,2.45337,2.49549,3.14070,0.49590,0.00049,0.00000,
17.06,1,3.49947,2.34954,2.94797,0.52701,0.04079,0.05623,0.02979
17.06,2,4.25303,1.59037,2.10548,0.32460,0.73101,0.06967,0.02635
17.08,0,2.44345,2.49550,3.14071,0.49606,0.00047,0.00000,
17.08,1,3.49120,2.35150,2.94614,0.39085,-0.09483,0.05759,0.03971
17.08,2,4.24927,1.59652,2.11674,0.39460,0.38820,0.06989,0.03484
17.1,0,2.43353,2.49551,3.14072,0.49616,0.00045,0.00000,
17.1,1,3.48359,2.35328,2.94570,0.39474,0.05906,0.05965,0.04963
17.1,2,4.24457,1.60420,2.12446,0.46330,0.33397,0.06781,0.04265
17.12,0,2.42361,2.49552,3.14073,0.49614,0.00043,0.00000,
17.12,1,3.47569,2.35482,2.94815,0.40620,0.14740,0.06145,0.00992
17.12,2,4.23948,1.61241,2.13334,0.48461,0.50049,0.06515,0.05069
17.14,0,2.41369,2.49553,3.14074,0.49611,0.00042,0.00000,
17.14,1,3.46460,2.35658,2.95609,0.56035,0.54963,0.06006,0.01985
17.14,2,4.23575,1.61832,2.14555,0.29774,0.48066,0.06757,0.01528
17.16,0,2.40376,2.49553,3.14075,0.49610,0.00040,0.00000,
17.16,1,3.45355,2.35844,2.96708,0.55893,0.54694,0.05870,0.02977
17.16,2,4.23352,1.62178,2.15490,0.16359,0.45574,0.07286,0.02649
17.18,0,2.39384,2.49554,3.14075,0.49611,0.00039,0.00000,
17.18,1,3.44340,2.36047,2.97518,0.51911,0.15083,0.05821,0.03969
17.18,2,4.23176,1.62493,2.16119,0.21134,0.13750,0.07821,0.03683
17.2,0,2.38392,2.49555,3.14076,0.49611,0.00037,0.00000,
17.2,1,3.43527,2.36221,2.97316,0.36218,-0.12338,0.05978,0.04961
17.2,2,4.22891,1.62921,2.16298,0.27370,-0.00305,0.08034,0.04514
17.22,0,2.37400,2.49556,3.14077,0.49611,0.00036,0.00000,
17.22,1,3.42710,2.36367,2.97431,0.44379,0.12117,0.06133,0.00992
17.22,2,4.22522,1.63434,2.16229,0.33387,-0.12002,0.08116,0.05344
17.24,0,2.36407,2.49557,3.14078,0.49611,0.00034,0.00000,
17.24,1,3.41910,2.36508,2.97748,0.41627,0.14706,0.06306,0.01984
17.24,2,4.22095,1.64122,2.17258,0.45421,1.12373,0.08025,0.01257
17.26,0,2.35415,2.49558,3.14078,0.49611,0.00033,0.00000,
17.26,1,3.40962,2.36668,2.97893,0.51236,0.03880,0.06331,0.02977
17.26,2,4.21689,1.64749,2.20873,0.34465,1.59496,0.08116,0.02218
17.28,0,2.34423,2.49558,3.14079,0.49611,0.00032,0.00000,
17.28,1,3.39965,2.36830,2.97988,0.48756,0.06269,0.06307,0.03969
17.28,2,4.21242,1.65331,2.22612,0.40563,0.34317,0.08249,0.03228
17.3,0,2.33431,2.49559,3.14080,0.49611,0.00031,0.00000,
17.3,1,3.39072,2.36979,2.98112,0.38129,-0.01736,0.06388,0.04961
17.3,2,4.20707,1.66023,2.22865,0.44920,0.10909,0.08162,0.04133
17.32,0,2.32439,2.49560,3.14080,0.49611,0.00029,0.00000,
17.32,1,3.38305,2.37112,2.98186,0.39995,0.07963,0.06596,0.05953
17.32,2,4.20171,1.66718,2.23373,0.42584,0.36775,0.07969,0.04912
17.34,0,2.31446,2.49561,3.14081,0.49611,0.00028,0.00000,
17.34,1,3.37244,2.37255,2.98487,0.64439,0.19673,0.06511,0.01984
17.34,2,4.19687,1.67339,2.24455,0.34983,0.77878,0.08097,0.01465
17.36,0,2.30454,2.49561,3.14081,0.49611,0.00027,0.00000,
17.36,1,3.36143,2.37409,2.99148,0.52414,0.37919,0.06385,0.02977
17.36,2,4.19264,1.67871,2.25817,0.32281,0.50270,0.08373,0.02577
17.38,0,2.29462,2.49562,3.14082,0.49611,0.00026,0.00000,
17.38,1,3.35116,2.37575,2.99716,0.51003,0.14989,0.06332,0.03969
17.38,2,4.18845,1.68391,2.26558,0.35302,0.30388,0.08614,0.03618
17.4,0,2.28470,2.49563,3.14082,0.49611,0.00025,0.00000,
17.4,1,3.34327,2.37715,2.99670,0.37711,-0.01644,0.06518,0.04961
17.4,2,4.18381,1.68945,2.27155,0.36172,0.31058,0.08602,0.04419
17.42,0,2.27477,2.49564,3.14083,0.49611,0.00024,0.00000,
17.42,1,3.33548,2.37835,2.99780,0.40434,0.09102,0.06717,0.05953
17.42,2,4.17936,1.69462,2.27602,0.35065,0.25763,0.08610,0.05206
17.44,0,2.26485,2.49565,3.14083,0.49611,0.00023,0.00000,
17.44,1,3.32528,2.37960,3.00231,0.50583,0.31523,0.06676,0.01984
17.44,2,4.17311,1.70186,2.28387,0.56150,0.28392,0.08543,0.01428
17.46,0,2.25493,2.49565,3.14084,0.49611,0.00022,0.00000,
17.46,1,3.31524,2.38087,3.00861,0.50587,0.31545,0.06651,0.02977
17.46,2,4.16618,1.70981,2.28810,0.51361,0.18110,0.08370,0.02440
17.48,0,2.24501,2.49566,3.14084,0.49611,0.00022,0.00000,
17.48,1,3.30540,2.38223,3.01259,0.48376,0.07872,0.06644,0.03969
17.48,2,4.15970,1.71705,2.29148,0.46632,0.26110,0.08273,0.03434
17.5,0,2.23509,2.49567,3.14085,0.49611,0.00021,0.00000,
17.5,1,3.29661,2.38344,3.01217,0.39292,-0.07472,0.06744,0.04961
17.5,2,4.15467,1.72285,2.29704,0.33937,0.27298,0.08289,0.04321
17.52,0,2.22516,2.49568,3.14085,0.49611,0.00020,0.00000,
17.52,1,3.28861,2.38453,3.01218,0.41402,0.05275,0.06924,0.00992
17.52,2,4.15014,1.72796,2.30344,0.34509,0.35202,0.08320,0.05129
17.54,0,2.21524,2.49568,3.14085,0.49611,0.00019,0.00000,
17.54,1,3.27650,2.38567,3.01545,0.59376,0.24477,0.06695,0.01984
17.54,2,4.14500,1.73358,2.31144,0.50096,0.55220,0.08606,0.01625
17.56,0,2.20532,2.49569,3.14086,0.49611,0.00018,0.00000,
17.56,1,3.26550,2.38685,3.02133,0.55112,0.29442,0.06575,0.02977
17.56,2,4.13855,1.74065,2.31605,0.46691,0.18684,0.08618,0.02732
17.58,0,2.19582,2.49570,3.14086,0.46299,0.00007,0.00000,
17.58,1,3.25500,2.38810,3.02468,0.50303,0.05082,0.06462,0.03926
17.58,2,4.13228,1.74728,2.31916,0.43269,0.07927,0.08640,0.03789
17.6,0,2.18644,2.49570,3.14086,0.47323,0.00024,0.00000,
17.6,1,3.24679,2.38919,3.02354,0.38797,-0.04485,0.06568,0.04864
17.6,2,4.12628,1.75353,2.32391,0.38272,0.28572,0.08516,0.04618
17.62,0,2.17695,2.49571,3.14087,0.47491,0.00019,0.00000,
17.62,1,3.23831,2.39022,3.02424,0.51959,0.11169,0.06659,0.00950
17.62,2,4.12136,1.75882,2.33044,0.35929,0.36767,0.08555,0.05471
17.64,0,2.16765,2.49572,3.14087,0.48681,0.00015,0.00000,
17.64,1,3.22729,2.39153,3.02711,0.49952,0.17221,0.06474,0.01879
17.64,2,4.11488,1.76568,2.33826,0.52869,0.25777,0.08605,0.01566
17.66,0,2.15752,2.49573,3.14087,0.51430,0.00008,0.00000,
17.66,1,3.21736,2.39281,3.02801,0.50251,-0.04310,0.06482,0.02892
17.66,2,4.10827,1.77255,2.34235,0.46192,0.21597,0.08556,0.02567
17.68,0,2.14733,2.49573,3.14088,0.50358,0.00015,0.00000,
17.68,1,3.20809,2.39395,3.02669,0.37079,-0.14098,0.06563,0.03912
17.68,2,4.10177,1.77901,2.34790,0.44792,0.33351,0.08482,0.03501
17.7,0,2.13739,2.49574,3.14088,0.49254,0.00016,0.00000,
17.7,1,3.20160,2.39501,3.02312,0.32915,-0.18566,0.06896,0.04905
17.7,2,4.09628,1.78473,2.35440,0.34723,0.29399,0.08300,0.04158
17.72,0,2.12756,2.49575,3.14088,0.49260,0.00014,0.00000,
17.72,1,3.19541,2.39589,3.02037,0.26640,-0.29692,0.07251,0.00984
17.72,2,4.09210,1.78913,2.36207,0.19913,0.41421,0.08268,0.00276
17.74,0,2.11767,2.49575,3.14089,0.49585,0.00013,0.00000,
17.74,1,3.18941,2.39661,3.01690,0.32333,-0.00651,0.07632,0.01973
17.74,2,4.08929,1.79201,2.37091,0.19338,0.41297,0.08412,0.00880
17.76,0,2.10774,2.49576,3.14089,0.49673,0.00013,0.00000,
17.76,1,3.18165,2.39760,3.01341,0.43052,-0.34647,0.07839,0.02966
17.76,2,4.08617,1.79507,2.37740,0.25917,0.37048,0.08683,0.01662
17.78,0,2.09781,2.49577,3.14089,0.49603,0.00012,0.00000,
17.78,1,3.17282,2.39875,3.01017,0.47324,0.00857,0.07938,0.03959
17.78,2,4.08228,1.79879,2.38379,0.26466,0.20790,0.08953,0.02553
17.8,0,2.08789,2.49577,3.14089,0.49557,0.00012,0.00000,
17.8,1,3.16316,2.39999,3.01258,0.48438,0.15700,0.07953,0.04950
17.8,2,4.07815,1.80273,2.38468,0.30387,-0.05226,0.09266,0.03526
17.82,0,2.07798,2.49578,3.14090,0.49566,0.00011,0.00000,
17.82,1,3.15392,2.40118,3.01503,0.45063,0.08635,0.08009,0.05941
17.82,2,4.07344,1.80720,2.38711,0.33591,0.28368,0.09468,0.04458
17.84,0,2.06807,2.49579,3.14090,0.49581,0.00011,0.00000,
17.84,1,3.14239,2.40235,3.01739,0.70992,0.21358,0.07838,0.01983
17.84,2,4.06743,1.81265,2.39634,0.51104,0.62110,0.09701,0.01616
17.86,0,2.05815,2.49580,3.14090,0.49583,0.00010,0.00000,
17.86,1,3.12965,2.40362,3.02331,0.60658,0.33714,0.07545,0.02974
17.86,2,4.05984,1.81965,2.40585,0.48627,0.40420,0.09831,0.02897
17.88,0,2.04823,2.49580,3.14090,0.49579,0.00010,0.00000,
17.88,1,3.11790,2.40509,3.02983,0.56538,0.23436,0.07351,0.03966
17.88,2,4.05267,1.82611,2.41276,0.50694,0.36681,0.09955,0.04080
17.9,0,2.03832,2.49581,3.14090,0.49577,0.00010,0.00000,
17.9,1,3.10959,2.40629,3.03097,0.40194,0.03698,0.07501,0.04958
17.9,2,4.04505,1.83285,2.41965,0.46180,0.26488,0.09723,0.04919
17.92,0,2.02840,2.49582,3.14091,0.49578,0.00009,0.00000,
17.92,1,3.10141,2.40724,3.03189,0.41848,0.05146,0.07666,0.05949
17.92,2,4.03865,1.83862,2.42489,0.42340,0.29841,0.09624,0.05743
17.94,0,2.01849,2.49582,3.14091,0.49579,0.00009,0.00000,
17.94,1,3.09038,2.40820,3.03497,0.57192,0.32632,0.07547,0.01983
17.94,2,4.03234,1.84414,2.43520,0.41779,0.69552,0.09793,0.01523
17.96,0,2.00857,2.49583,3.14091,0.49579,0.00009,0.00000,
17.96,1,3.07936,2.40921,3.04187,0.55345,0.34633,0.07428,0.02975
17.96,2,4.02599,1.84958,2.44635,0.41731,0.39694,0.09968,0.02630
17.98,0,1.99866,2.49584,3.14091,0.49579,0.00008,0.00000,
17.98,1,3.06856,2.41050,3.04783,0.52477,0.19221,0.07330,0.03966
17.98,2,4.01965,1.85489,2.45182,0.40950,0.22620,0.10149,0.03718
18.0,0,1.98874,2.49584,3.14091,0.49579,0.00008,0.00000,
18.0,1,3.05899,2.41146,3.04855,0.39781,-0.09176,0.07357,0.04958
18.0,2,4.01342,1.86003,2.45684,0.40016,0.28157,0.10227,0.04679
18.02,0,1.97882,2.49585,3.14091,0.49579,0.00008,0.00000,
18.02,1,3.05079,2.41226,3.04739,0.54087,0.03118,0.07522,0.00992
18.02,2,4.00727,1.86505,2.46290,0.39456,0.30881,0.10195,0.05503
18.04,0,1.96891,2.49586,3.14092,0.49579,0.00007,0.00000,
18.04,1,3.04097,2.41302,3.04890,0.42001,0.14255,0.07525,0.01983
18.04,2,4.00124,1.86992,2.47038,0.37289,0.56115,0.10321,0.01457
18.06,0,1.95899,2.49586,3.14092,0.49579,0.00007,0.00000,
18.06,1,3.03242,2.41396,3.05012,0.44782,-0.03196,0.07655,0.02975
18.06,2,3.99549,1.87448,2.48156,0.36862,0.45790,0.10388,0.02316
18.08,0,1.94908,2.49587,3.14092,0.49579,0.00007,0.00000,
18.08,1,3.02357,2.41486,3.04881,0.39514,-0.09285,0.07754,0.03966
18.08,2,3.98956,1.87908,2.48781,0.37966,0.23115,0.10463,0.03206
18.1,0,1.93916,2.49588,3.14092,0.49579,0.00007,0.00000,
18.1,1,3.01528,2.41567,3.04875,0.42843,0.05466,0.07910,0.04958
18.1,2,3.98355,1.88369,2.49229,0.37513,0.23982,0.10480,0.04040
18.12,0,1.92925,2.49588,3.14092,0.49579,0.00006,0.00000,
18.12,1,3.00561,2.41647,3.05108,0.53054,0.16853,0.07929,0.00992
18.12,2,3.97734,1.88836,2.49787,0.47563,0.41446,0.10597,0.00527
18.14,0,1.91933,2.49589,3.14092,0.49579,0.00006,0.00000,
18.14,1,2.99532,2.41726,3.05470,0.48869,0.20402,0.07886,0.01983
18.14,2,3.96897,1.89448,2.50743,0.49829,0.41027,0.10512,0.01559
18.16,0,1.90941,2.49590,3.14092,0.49579,0.00006,0.00000,
18.16,1,2.98554,2.41804,3.05724,0.49268,0.04701,0.07894,0.02975
18.16,2,3.96112,1.90028,2.51591,0.50164,0.39359,0.10445,0.02540
18.18,0,1.89950,2.49590,3.14092,0.49579,0.00006,0.00000,
18.18,1,2.97596,2.41888,3.05703,0.41686,-0.07247,0.07922,0.03966
18.18,2,3.95274,1.90630,2.52183,0.52144,0.23366,0.10311,0.03501
18.2,0,1.88958,2.49591,3.14093,0.49579,0.00005,0.00000,
18.2,1,2.96749,2.41968,3.05661,0.43409,0.02175,0.08060,0.04958
18.2,2,3.94445,1.91225,2.52600,0.48085,0.16894,0.10088,0.04352
18.22,0,1.87967,2.49592,3.14093,0.49579,0.00005,0.00000,
18.22,1,2.95663,2.42046,3.05827,0.68476,0.22679,0.07960,0.00992
18.22,2,3.93697,1.91766,2.53003,0.44647,0.23164,0.10176,0.05441
18.24,0,1.86975,2.49592,3.14093,0.49579,0.00005,0.00000,
18.24,1,2.94457,2.42126,3.06408,0.55860,0.32773,0.07740,0.01983
18.24,2,3.92774,1.92396,2.53643,0.63439,0.30294,0.10179,0.01846
18.26,0,1.85984,2.49593,3.14093,0.49579,0.00005,0.00000,
18.26,1,2.93348,2.42225,3.06958,0.54836,0.17170,0.07617,0.02975
18.26,2,3.91792,1.93066,2.54344,0.53529,0.42039,0.10036,0.02959
18.28,0,1.84992,2.49594,3.14093,0.49579,0.00005,0.00000,
18.28,1,2.92528,2.42307,3.07010,0.37139,0.00978,0.07783,0.03966
18.28,2,3.90894,1.93671,2.55108,0.54609,0.30460,0.09733,0.03783
18.3,0,1.84000,2.49594,3.14093,0.49579,0.00004,0.00000,
18.3,1,2.91755,2.42363,3.07143,0.40138,0.06729,0.07997,0.04958
18.3,2,3.90145,1.94213,2.55323,0.43433,0.08593,0.09539,0.04558
18.32,0,1.83009,2.49595,3.14093,0.49579,0.00004,0.00000,
18.32,1,2.90875,2.42419,3.07298,0.54384,0.09268,0.08105,0.00992
18.32,2,3.89430,1.94714,2.55633,0.44146,0.21961,0.09493,0.05439
18.34,0,1.82017,2.49596,3.14093,0.49579,0.00004,0.00000,
18.34,1,2.89789,2.42474,3.07481,0.54304,0.08347,0.08007,0.01983
18.34,2,3.88752,1.95170,2.56084,0.34334,0.08569,0.09688,0.01592
18.36,0,1.81026,2.49596,3.14093,0.49579,0.00004,0.00000,
18.36,1,2.88799,2.42520,3.07725,0.51021,0.09182,0.08005,0.02975
18.36,2,3.88193,1.95557,2.56345,0.30770,0.54270,0.09931,0.02584
18.38,0,1.80034,2.49597,3.14093,0.49579,0.00004,0.00000,
18.38,1,2.87932,2.42583,3.07682,0.40515,-0.06394,0.08126,0.03966
18.38,2,3.87791,1.95907,2.58287,0.22495,0.82617,0.10229,0.03453
18.4,0,1.79043,2.49598,3.14093,0.49579,0.00004,0.00000,
18.4,1,2.87103,2.42647,3.07469,0.42354,-0.08468,0.08284,0.04958
18.4,2,3.87398,1.96209,2.59302,0.22158,0.93492,0.10524,0.04284
18.42,0,1.78051,2.49598,3.14094,0.49579,0.00004,0.00000,
18.42,1,2.86151,2.42705,3.07575,0.55215,0.31739,0.08320,0.00992
18.42,2,3.87040,1.96432,2.61548,0.19304,1.24978,0.10994,0.05238
18.44,0,1.77059,2.49599,3.14094,0.49579,0.00003,0.00000,
18.44,1,2.85068,2.42765,3.08204,0.51491,0.27653,0.08225,0.01983
18.44,2,3.86738,1.96590,2.64430,0.15464,1.42461,0.11664,0.01612
18.46,0,1.76068,2.49600,3.14094,0.49579,0.00003,0.00000,
18.46,1,2.84021,2.42858,3.08449,0.52580,0.01896,0.08164,0.02975
18.46,2,3.86448,1.96716,2.67156,0.16589,1.18643,0.12340,0.02663
18.48,0,1.75076,2.49600,3.14094,0.49579,0.00003,0.00000,
18.48,1,2.83004,2.42919,3.08353,0.49454,-0.07401,0.08134,0.03966
18.48,2,3.85925,1.96949,2.68569,0.39422,0.29179,0.12721,0.03682
18.5,0,1.74085,2.49601,3.14094,0.49579,0.00003,0.00000,
18.5,1,2.82159,2.42969,3.08182,0.38811,-0.06758,0.08278,0.04958
18.5,2,3.85150,1.97334,2.68992,0.43732,0.28897,0.12649,0.04529
18.52,0,1.73136,2.49601,3.14094,0.46271,-0.00007,0.00000,
18.52,1,2.81305,2.43017,3.08163,0.54695,0.04240,0.08369,0.00949
18.52,2,3.84347,1.97721,2.69446,0.45911,0.08713,0.12558,0.05384
18.54,0,1.72198,2.49602,3.14094,0.47293,0.00009,0.00000,
18.54,1,2.80154,2.43066,3.08350,0.51130,0.13357,0.08153,0.01887
18.54,2,3.83426,1.98155,2.69582,0.60186,0.17066,0.12615,0.01608
18.56,0,1.71249,2.49603,3.14094,0.47461,0.00005,0.00000,
18.56,1,2.79132,2.43120,3.08601,0.51113,0.09730,0.08078,0.02836
18.56,2,3.82372,1.98671,2.70149,0.56432,0.27531,0.12402,0.02631
18.58,0,1.70330,2.49603,3.14094,0.48846,0.00003,0.00000,
18.58,1,2.78167,2.43178,3.08618,0.39271,-0.07918,0.08029,0.03755
18.58,2,3.81416,1.99132,2.70370,0.49780,0.00770,0.12251,0.03597
18.6,0,1.69292,2.49604,3.14094,0.53176,-0.00006,0.00000,
18.6,1,2.77354,2.43228,3.08512,0.42229,-0.02512,0.08249,0.04793
18.6,2,3.80686,1.99506,2.70077,0.34706,-0.21847,0.12201,0.04413
18.62,0,1.68239,2.49605,3.14094,0.51798,0.00002,0.00000,
18.62,1,2.76492,2.43276,3.08504,0.43398,0.00330,0.08437,0.01053
18.62,2,3.80065,1.99833,2.69750,0.36040,-0.06904,0.12316,0.00434
18.64,0,1.67224,2.49605,3.14094,0.50144,0.00004,0.00000,
18.64,1,2.75746,2.43325,3.08515,0.32784,-0.04232,0.08704,0.02068
18.64,2,3.79287,2.00200,2.67362,0.41881,-1.42148,0.12163,0.01181
18.66,0,1.66224,2.49606,3.14094,0.50087,0.00002,0.00000,
18.66,1,2.75063,2.43380,3.08326,0.36949,-0.11302,0.09017,0.03068
18.66,2,3.78676,2.00537,2.65455,0.34753,-0.68111,0.12122,0.01867
18.68,0,1.65254,2.49607,3.14094,0.46977,-0.00012,0.00000,
18.68,1,2.74156,2.43437,3.08217,0.48883,0.00374,0.09076,0.04038
18.68,2,3.77951,2.00929,2.65242,0.46403,0.28724,0.12162,0.02775
18.7,0,1.64300,2.49607,3.14094,0.48238,0.00008,0.00000,
18.7,1,2.73085,2.43500,3.08252,0.55082,0.01751,0.08956,0.04992
18.7,2,3.77082,2.01388,2.66029,0.49632,0.36333,0.12200,0.03848
18.72,0,1.63331,2.49608,3.14094,0.48425,0.00006,0.00000,
18.72,1,2.72023,2.43562,3.08273,0.52764,0.02156,0.08859,0.00968
18.72,2,3.76235,2.01830,2.66510,0.46008,0.15620,0.12258,0.04912
18.74,0,1.62366,2.49609,3.14094,0.48084,0.00001,0.00000,
18.74,1,2.70964,2.43624,3.08347,0.51889,0.03249,0.08762,0.01933
18.74,2,3.75422,2.02253,2.66851,0.47642,0.45901,0.12352,0.01583
18.76,0,1.61416,2.49609,3.14094,0.46791,0.00008,0.00000,
18.76,1,2.69976,2.43682,3.08374,0.47725,0.00100,0.08722,0.02884
18.76,2,3.74561,2.02686,2.67983,0.49183,0.48784,0.12332,0.02573
18.78,0,1.60444,2.49610,3.14094,0.49739,-0.00000,0.00000,
18.78,1,2.69042,2.43736,3.08369,0.46466,-0.00217,0.08757,0.03856
18.78,2,3.73672,2.03137,2.68575,0.47628,0.28917,0.12231,0.03508
18.8,0,1.59452,2.49610,3.14094,0.49333,0.00006,0.00000,
18.8,1,2.68220,2.43788,3.08332,0.41402,-0.00319,0.08923,0.04848
18.8,2,3.72734,2.03611,2.68804,0.55381,0.04664,0.11971,0.04333
18.82,0,1.58441,2.49611,3.14094,0.51222,-0.00001,0.00000,
18.82,1,2.67189,2.43839,3.08388,0.67010,0.06122,0.08902,0.01012
18.82,2,3.71739,2.04099,2.68973,0.54505,0.12963,0.11847,0.05364
18.84,0,1.57416,2.49612,3.14094,0.50990,0.00001,0.00000,
18.84,1,2.66014,2.43891,3.08600,0.54170,0.13131,0.08748,0.02036
18.84,2,3.71000,2.04488,2.69488,0.31195,0.29317,0.12138,0.01786
18.86,0,1.56404,2.49612,3.14095,0.50370,0.00002,0.00000,
18.86,1,2.64934,2.43943,3.08843,0.53654,0.08718,0.08678,0.03048
18.86,2,3.70559,2.04767,2.69937,0.17721,0.11918,0.12657,0.02868
18.88,0,1.55399,2.49613,3.14095,0.50265,0.00002,0.00000,
18.88,1,2.64020,2.43995,3.08843,0.38134,-0.04646,0.08766,0.04053
18.88,2,3.70346,2.04967,2.70013,0.14563,-0.13106,0.13262,0.03783
18.9,0,1.54392,2.49614,3.14095,0.50417,0.00001,0.00000,
18.9,1,2.63216,2.44042,3.08806,0.41892,0.00183,0.08967,0.05060
18.9,2,3.69987,2.05194,2.69458,0.25455,-0.05693,0.13619,0.04588
18.92,0,1.53420,2.49614,3.14094,0.46931,-0.00012,0.00000,
18.92,1,2.62288,2.44092,3.06946,0.45884,-1.46628,0.09008,0.00972
18.92,2,3.69439,2.05431,2.70373,0.32860,0.79798,0.13913,0.00463
18.94,0,1.52469,2.49615,3.14094,0.48018,0.00007,0.00000,
18.94,1,2.61381,2.44143,3.04059,0.42838,-1.30122,0.09050,0.01923
18.94,2,3.68784,2.05681,2.71246,0.36227,-0.51633,0.14082,0.01372
18.96,0,1.51504,2.49616,3.14095,0.48265,0.00005,0.00000,
18.96,1,2.60450,2.44217,3.03113,0.51940,0.15359,0.09080,0.02888
18.96,2,3.68055,2.05966,2.70695,0.43801,0.03364,0.14202,0.02305
18.98,0,1.50541,2.49616,3.14095,0.47991,0.00000,0.00000,
18.98,1,2.59423,2.44334,3.03887,0.47197,0.36995,0.09010,0.03850
18.98,2,3.67206,2.06364,2.71225,0.51996,0.24583,0.14275,0.03338
19.0,0,1.49595,2.49617,3.14095,0.47774,0.00003,0.00000,
19.0,1,2.58492,2.44440,3.04338,0.46328,0.11242,0.09020,0.04796
19.0,2,3.66227,2.06827,2.71641,0.52864,0.24644,0.14112,0.04274
19.02,0,1.48615,2.49618,3.14095,0.48135,0.00009,0.00000,
19.02,1,2.57525,2.44542,3.04473,0.56363,0.07800,0.09028,0.00981
19.02,2,3.65250,2.07277,2.71961,0.53713,0.12103,0.13989,0.05247
19.04,0,1.47614,2.49618,3.14095,0.51159,-0.00001,0.00000,
19.04,1,2.56409,2.44660,3.04728,0.53347,0.14570,0.08908,0.01981
19.04,2,3.64139,2.07774,2.72424,0.65963,0.30466,0.13870,0.01635
19.06,0,1.46586,2.49619,3.14095,0.51238,-0.00000,0.00000,
19.06,1,2.55336,2.44767,3.04935,0.53155,0.08220,0.08858,0.03009
19.06,2,3.63010,2.08275,2.72945,0.56526,0.20831,0.13689,0.02714
19.08,0,1.45571,2.49619,3.14095,0.50372,0.00002,0.00000,
19.08,1,2.54424,2.44863,3.05009,0.40091,0.01502,0.08957,0.04024
19.08,2,3.62074,2.08686,2.73267,0.48165,0.13981,0.13566,0.03631
19.1,0,1.44568,2.49620,3.14095,0.50107,0.00002,0.00000,
19.1,1,2.53613,2.44949,3.05056,0.41672,0.05429,0.09145,0.05027
19.1,2,3.61354,2.09039,2.73180,0.38186,-0.06060,0.13567,0.04447
19.12,0,1.43564,2.49621,3.14095,0.50286,0.00001,0.00000,
19.12,1,2.52756,2.45027,3.05281,0.38698,0.23820,0.09288,0.01004
19.12,2,3.60632,2.09374,2.73177,0.41699,0.09426,0.13615,0.05307
19.14,0,1.42557,2.49621,3.14095,0.50414,0.00001,0.00000,
19.14,1,2.52123,2.45105,3.05338,0.31873,-0.05050,0.09659,0.02011
19.14,2,3.59787,2.09733,2.73829,0.51457,0.52437,0.13326,0.01076
19.16,0,1.41586,2.49622,3.14095,0.46849,-0.00012,0.00000,
19.16,1,2.51399,2.45195,3.05043,0.41826,-0.10080,0.09902,0.02982
19.16,2,3.58841,2.10123,2.75056,0.48260,0.65207,0.13021,0.01806
19.18,0,1.40636,2.49623,3.14095,0.47915,0.00007,0.00000,
19.18,1,2.50472,2.45280,3.05122,0.46850,0.14856,0.09921,0.03932
19.18,2,3.57904,2.10515,2.75649,0.51750,0.06400,0.12917,0.02737
19.2,0,1.39674,2.49623,3.14095,0.48180,0.00004,0.00000,
19.2,1,2.49526,2.45366,3.05454,0.50130,0.13328,0.09935,0.04894
19.2,2,3.57005,2.10893,2.75544,0.43909,-0.11123,0.12872,0.03686
19.22,0,1.38713,2.49624,3.14095,0.47918,-0.00000,0.00000,
19.22,1,2.48523,2.45452,3.05649,0.49544,0.07956,0.09889,0.05855
19.22,2,3.56169,2.11241,2.75755,0.46384,0.33541,0.12952,0.00501
19.24,0,1.37766,2.49625,3.14095,0.48356,0.00001,0.00000,
19.24,1,2.47387,2.45545,3.05847,0.65394,0.12064,0.09696,0.01907
19.24,2,3.55356,2.11570,2.76339,0.44818,0.27089,0.13189,0.01641
19.26,0,1.36787,2.49625,3.14095,0.49219,0.00004,0.00000,
19.26,1,2.46194,2.45649,3.06114,0.57765,0.10120,0.09479,0.02887
19.26,2,3.54453,2.11930,2.76737,0.51443,0.13982,0.13389,0.02838
19.28,0,1.35772,2.49626,3.14095,0.51448,-0.00002,0.00000,
19.28,1,2.45119,2.45739,3.06261,0.47249,0.04099,0.09416,0.03902
19.28,2,3.53477,2.12318,2.76967,0.52348,0.11196,0.13396,0.03917
19.3,0,1.34746,2.49626,3.14095,0.50929,0.00000,0.00000,
19.3,1,2.44401,2.45823,3.06174,0.34531,-0.06042,0.09720,0.04927
19.3,2,3.52543,2.12688,2.77318,0.51282,0.13703,0.13105,0.04640
19.32,0,1.33738,2.49627,3.14095,0.50130,0.00002,0.00000,
19.32,1,2.43689,2.45906,3.06054,0.37755,-0.01124,0.10014,0.05936
19.32,2,3.51572,2.13065,2.77534,0.52095,0.10231,0.12771,0.05356
19.34,0,1.32737,2.49628,3.14095,0.50058,0.00001,0.00000,
19.34,1,2.42806,2.45972,3.06334,0.50023,0.29984,0.10130,0.02010
19.34,2,3.50649,2.13424,2.77777,0.42562,0.18983,0.12647,0.01252
19.36,0,1.31733,2.49628,3.14095,0.50272,0.00001,0.00000,
19.36,1,2.41856,2.46052,3.06905,0.48313,0.15092,0.10181,0.03013
19.36,2,3.49843,2.13754,2.76737,0.43520,-0.52203,0.12714,0.02206
19.38,0,1.30727,2.49629,3.14095,0.50352,0.00001,0.00000,
19.38,1,2.40874,2.46131,3.06990,0.50981,-0.00027,0.10202,0.04020
19.38,2,3.49120,2.14059,2.75678,0.31003,-0.51543,0.12897,0.03192
19.4,0,1.29735,2.49630,3.14095,0.46491,-0.00020,0.00000,
19.4,1,2.39844,2.46200,3.07041,0.51297,0.05623,0.10162,0.05011
19.4,2,3.48360,2.14370,2.73980,0.53726,-1.55983,0.13088,0.04223
19.42,0,1.28794,2.49630,3.14095,0.47572,0.00004,0.00000,
19.42,1,2.38846,2.46268,3.07206,0.48968,0.09357,0.10103,0.00941
19.42,2,3.47594,2.14783,2.71904,0.39651,-0.86842,0.13214,0.05224
19.44,0,1.27835,2.49631,3.14095,0.48130,0.00006,0.00000,
19.44,1,2.37761,2.46343,3.07427,0.55720,0.10502,0.09975,0.01900
19.44,2,3.46887,2.15211,2.70391,0.47246,0.09002,0.13480,0.01582
19.46,0,1.26874,2.49632,3.14095,0.47947,0.00000,0.00000,
19.46,1,2.36717,2.46413,3.07597,0.45921,0.05538,0.09890,0.02862
19.46,2,3.45886,2.15682,2.68243,0.61033,-1.68079,0.13412,0.02628
19.48,0,1.25940,2.49632,3.14095,0.47282,0.00006,0.00000,
19.48,1,2.35876,2.46474,3.07714,0.42351,0.07700,0.09982,0.03796
19.48,2,3.44767,2.16200,2.66249,0.59150,-0.21940,0.13021,0.03471
19.5,0,1.24938,2.49633,3.14095,0.51623,-0.00005,0.00000,
19.5,1,2.35021,2.46531,3.07879,0.43155,0.08044,0.10127,0.04798
19.5,2,3.43708,2.16738,2.66999,0.58441,0.69069,0.12697,0.04329
19.52,0,1.23903,2.49634,3.14095,0.51340,-0.00000,0.00000,
19.52,1,2.34133,2.46586,3.08048,0.44360,0.13998,0.10272,0.01035
19.52,2,3.42891,2.17234,2.67761,0.44193,0.31543,0.12649,0.05218
19.54,0,1.22892,2.49634,3.14095,0.49989,0.00002,0.00000,
19.54,1,2.33387,2.46629,3.08346,0.37493,0.08056,0.10536,0.02045
19.54,2,3.42181,2.17641,2.68549,0.37690,0.47986,0.12589,0.01205
19.56,0,1.21898,2.49635,3.14095,0.49695,0.00001,0.00000,
19.56,1,2.32548,2.46676,3.08418,0.47511,0.02436,0.10690,0.03040
19.56,2,3.41504,2.17986,2.69404,0.40576,0.42748,0.12670,0.02046
19.58,0,1.20900,2.49635,3.14095,0.50009,0.00000,0.00000,
19.58,1,2.31521,2.46735,3.08506,0.52374,0.06493,0.10659,0.04037
19.58,2,3.40718,2.18365,2.70224,0.45129,0.38827,0.12822,0.03075
19.6,0,1.19898,2.49636,3.14095,0.50182,0.00001,0.00000,
19.6,1,2.30445,2.46797,3.08635,0.53796,0.06306,0.10583,0.05040
19.6,2,3.39940,2.18738,2.71139,0.44468,0.42023,0.13033,0.04153
19.62,0,1.18894,2.49637,3.14095,0.50138,0.00001,0.00000,
19.62,1,2.29397,2.46855,3.08757,0.55638,0.06614,0.10537,0.01003
19.62,2,3.39084,2.19134,2.71786,0.48014,0.28775,0.13136,0.05202
19.64,0,1.17892,2.49637,3.14095,0.50075,0.00001,0.00000,
19.64,1,2.28040,2.46920,3.08926,0.67277,0.09459,0.10181,0.02005
19.64,2,3.38170,2.19546,2.72764,0.48746,0.66880,0.13481,0.01879
19.66,0,1.16941,2.49638,3.14095,0.46803,-0.00007,0.00000,
19.66,1,2.26823,2.46987,3.09098,0.58201,0.06015,0.09914,0.02956
19.66,2,3.37265,2.19933,2.73852,0.50578,0.39904,0.13707,0.03098
19.68,0,1.15993,2.49639,3.14095,0.47808,0.00007,0.00000,
19.68,1,2.25832,2.47044,3.09140,0.38927,-0.02673,0.09870,0.03905
19.68,2,3.36310,2.20345,2.74461,0.52325,0.29432,0.13658,0.04090
19.7,0,1.15034,2.49639,3.14095,0.47911,0.00003,0.00000,
19.7,1,2.25051,2.47103,3.09073,0.39955,-0.04206,0.10046,0.04863
19.7,2,3.35320,2.20765,2.75017,0.54135,0.28598,0.13371,0.04874
19.72,0,1.14098,2.49640,3.14095,0.45802,0.00011,0.00000,
19.72,1,2.23970,2.47163,3.09133,0.58841,0.09370,0.09900,0.00936
19.72,2,3.34336,2.21172,2.75631,0.52321,0.31802,0.13385,0.05956
19.74,0,1.13117,2.49640,3.14095,0.51039,-0.00005,0.00000,
19.74,1,2.22876,2.47224,3.09344,0.56108,0.07570,0.09785,0.01917
19.74,2,3.33385,2.21564,2.76385,0.44063,0.59665,0.13449,0.01694
19.76,0,1.12085,2.49641,3.14095,0.51458,-0.00002,0.00000,
19.76,1,2.21772,2.47278,3.09437,0.53627,0.03482,0.09712,0.02949
19.76,2,3.32604,2.21924,2.77333,0.42886,0.47430,0.13695,0.02800
19.78,0,1.11072,2.49642,3.14095,0.50040,0.00002,0.00000,
19.78,1,2.20891,2.47328,3.09443,0.40689,-0.01193,0.09843,0.03962
19.78,2,3.31829,2.22280,2.77872,0.42497,0.10102,0.13731,0.03682
19.8,0,1.10079,2.49642,3.14095,0.49522,0.00001,0.00000,
19.8,1,2.20058,2.47372,3.09471,0.42715,0.04206,0.10003,0.04955
19.8,2,3.30943,2.22643,2.78415,0.47412,0.48739,0.13609,0.04515
19.82,0,1.09086,2.49643,3.14095,0.49793,0.00000,0.00000,
19.82,1,2.19191,2.47411,3.09589,0.43521,0.06337,0.10128,0.00993
19.82,2,3.30016,2.23019,2.79499,0.51073,0.55002,0.13477,0.00436
19.84,0,1.08087,2.49644,3.14095,0.50020,0.00000,0.00000,
19.84,1,2.18504,2.47450,3.09823,0.29358,0.12380,0.10439,0.01992
19.84,2,3.29400,2.23285,2.81106,0.29297,0.82556,0.13498,0.01124
19.86,0,1.07087,2.49644,3.14095,0.50003,0.00001,0.00000,
19.86,1,2.17900,2.47484,3.10100,0.33298,0.15109,0.10834,0.02992
19.86,2,3.29025,2.23523,2.82086,0.17889,0.33853,0.13679,0.01729
19.88,0,1.06088,2.49645,3.14095,0.49932,0.00001,0.00000,
19.88,1,2.17074,2.47519,3.10288,0.47124,0.04694,0.11006,0.03991
19.88,2,3.28637,2.23757,2.81965,0.27011,-0.31211,0.14066,0.02556
19.9,0,1.05089,2.49646,3.14095,0.49917,0.00000,0.00000,
19.9,1,2.16126,2.47559,3.10350,0.47786,0.02716,0.11056,0.04990
19.9,2,3.28054,2.23981,2.81987,0.33347,0.43204,0.14384,0.03505
19.92,0,1.04091,2.49646,3.14095,0.49934,0.00000,0.00000,
19.92,1,2.15121,2.47599,3.10405,0.50877,0.03234,0.11049,0.05988
19.92,2,3.27348,2.24203,2.83442,0.39367,0.57477,0.14640,0.04511
19.94,0,1.03092,2.49647,3.14095,0.49943,0.00000,0.00000,
19.94,1,2.13811,2.47638,3.10531,0.69577,0.10764,0.10737,0.01997
19.94,2,3.26493,2.24492,2.84027,0.47980,0.35811,0.15035,0.01819
19.96,0,1.02143,2.49648,3.14095,0.46698,-0.00007,0.00000,
19.96,1,2.12467,2.47677,3.10763,0.67216,0.11584,0.10342,0.02946
19.96,2,3.25606,2.24761,2.84860,0.47329,0.35447,0.15436,0.03164
19.98,0,1.01197,2.49648,3.14095,0.47674,0.00007,0.00000,
19.98,1,2.11178,2.47716,3.10937,0.59792,0.04734,0.09998,0.03892
19.98,2,3.24665,2.25044,2.85389,0.51774,0.18946,0.15729,0.04453
20.0,0,1.00241,2.49649,3.14095,0.47768,0.00003,0.00000,
20.0,1,2.10224,2.47751,3.10949,0.38665,-0.01414,0.09999,0.04848
20.0,2,3.23607,2.25357,2.85638,0.56334,0.11218,0.15573,0.05409
20.02,0,0.99300,2.49649,3.14095,0.47774,0.00001,0.00000,
20.02,1,2.09379,2.47781,3.10980,0.50898,0.04195,0.10095,0.00941
20.02,2,3.22580,2.25660,2.85987,0.47699,0.24566,0.15342,0.00447
20.04,0,0.98326,2.49650,3.14095,0.50726,-0.00004,0.00000,
20.04,1,2.08332,2.47807,3.10843,0.46022,-0.04783,0.10022,0.01915
20.04,2,3.21823,2.25887,2.86518,0.33410,0.10962,0.15588,0.01494
20.06,0,0.97297,2.49651,3.14095,0.51405,-0.00002,0.00000,
20.06,1,2.07356,2.47837,3.10857,0.51628,0.04194,0.10074,0.02944
20.06,2,3.21246,2.26100,2.86310,0.30785,-0.16545,0.15946,0.02470
20.08,0,0.96283,2.49651,3.14095,0.50101,0.00001,0.00000,
20.08,1,2.06315,2.47872,3.10961,0.51516,0.04950,0.10046,0.03958
20.08,2,3.20605,2.26314,2.86064,0.37820,0.01293,0.16306,0.03512
20.1,0,0.95289,2.49652,3.14095,0.49538,0.00001,0.00000,
20.1,1,2.05455,2.47904,3.11008,0.40130,0.02019,0.10180,0.04952
20.1,2,3.19840,2.26541,2.86534,0.41771,0.34762,0.16363,0.04372
20.12,0,0.94297,2.49653,3.14095,0.49763,0.00000,0.00000,
20.12,1,2.04616,2.47932,3.11091,0.41461,0.04892,0.10332,0.00993
20.12,2,3.18921,2.26802,2.87041,0.53166,0.28581,0.16242,0.00415
20.14,0,0.93299,2.49653,3.14095,0.49990,0.00000,0.00000,
20.14,1,2.03801,2.47958,3.11184,0.39455,0.05035,0.10516,0.01991
20.14,2,3.17696,2.27093,2.87723,0.60028,0.43220,0.15790,0.01230
20.16,0,0.92299,2.49654,3.14095,0.49987,0.00000,0.00000,
20.16,1,2.02822,2.47986,3.11255,0.54547,0.02549,0.10536,0.02991
20.16,2,3.16565,2.27381,2.88647,0.56414,0.44657,0.15594,0.02209
20.18,0,0.91300,2.49654,3.14095,0.49920,0.00000,0.00000,
20.18,1,2.01721,2.48018,3.11299,0.53638,0.02255,0.10434,0.03990
20.18,2,3.15538,2.27660,2.89027,0.43410,-0.10807,0.15624,0.03310
20.2,0,0.90301,2.49655,3.14095,0.49902,0.00000,0.00000,
20.2,1,2.00712,2.48046,3.11350,0.48184,0.02773,0.10423,0.04988
20.2,2,3.14752,2.27904,2.88907,0.41436,-0.00077,0.15805,0.04320
20.22,0,0.89303,2.49656,3.14095,0.49917,0.00000,0.00000,
20.22,1,1.99431,2.48073,3.11434,0.74418,0.05214,0.10139,0.00998
20.22,2,3.13927,2.28127,2.89110,0.43781,0.16856,0.16221,0.05602
20.24,0,0.88305,2.49656,3.14095,0.49926,0.00000,0.00000,
20.24,1,1.98071,2.48098,3.11553,0.63024,0.07256,0.09777,0.01997
20.24,2,3.12924,2.28365,2.89636,0.52717,0.28313,0.16536,0.02090
20.26,0,0.87306,2.49657,3.14095,0.49925,0.00000,0.00000,
20.26,1,1.96898,2.48127,3.11653,0.48236,0.01691,0.09602,0.02995
20.26,2,3.12033,2.28610,2.90514,0.45229,0.46200,0.16778,0.03264
20.28,0,0.86330,2.49658,3.14095,0.46243,-0.00018,0.00000,
20.28,1,1.96115,2.48157,3.11632,0.38280,-0.01374,0.09795,0.03971
20.28,2,3.11028,2.28877,2.90881,0.58711,0.06744,0.16519,0.04047
20.3,0,0.85393,2.49658,3.14095,0.47361,0.00004,0.00000,
20.3,1,1.95331,2.48189,3.11597,0.40991,-0.00996,0.09947,0.04908
20.3,2,3.09680,2.29202,2.91015,0.75590,0.08369,0.15915,0.04832
20.32,0,0.84439,2.49659,3.14095,0.47808,0.00005,0.00000,
20.32,1,1.94488,2.48213,3.11628,0.39997,0.03941,0.10058,0.05862
20.32,2,3.08243,2.29543,2.91273,0.72163,0.12658,0.15277,0.05675
20.34,0,0.83501,2.49660,3.14095,0.45044,0.00014,0.00000,
20.34,1,1.93437,2.48236,3.11720,0.60650,0.05763,0.09945,0.01893
20.34,2,3.06915,2.29860,2.91697,0.70025,0.31269,0.14957,0.01471
20.36,0,0.82532,2.49660,3.14095,0.50630,-0.00005,0.00000,
20.36,1,1.92261,2.48261,3.11851,0.58711,0.06340,0.09738,0.02861
20.36,2,3.05640,2.30162,2.92180,0.56118,0.08566,0.14815,0.02647
20.38,0,0.81504,2.49661,3.14095,0.51435,-0.00003,0.00000,
20.38,1,1.91154,2.48285,3.11927,0.51954,0.01789,0.09659,0.03890
20.38,2,3.04771,2.30427,2.92033,0.44278,-0.08838,0.15012,0.03755
20.4,0,0.80490,2.49661,3.14095,0.50022,0.00002,0.00000,
20.4,1,1.90335,2.48306,3.11921,0.37020,-0.00193,0.09853,0.04903
20.4,2,3.03916,2.30662,2.92006,0.44411,0.07589,0.14944,0.04574
20.42,0,0.79499,2.49662,3.14095,0.49393,0.00001,0.00000,
20.42,1,1.89461,2.48325,3.11868,0.46303,-0.02391,0.09970,0.00991
20.42,2,3.03049,2.30861,2.92292,0.44398,0.16858,0.14924,0.05448
20.44,0,0.78509,2.49663,3.14095,0.49631,0.00000,0.00000,
20.44,1,1.88593,2.48342,3.11878,0.45615,0.01410,0.10092,0.01981
20.44,2,3.02205,2.31055,2.92731,0.34300,0.36745,0.14919,0.01330
20.46,0,0.77513,2.49663,3.14095,0.49882,0.00000,0.00000,
20.46,1,1.87558,2.48368,3.11905,0.54634,0.01700,0.10053,0.02977
20.46,2,3.01563,2.31245,2.93244,0.33870,0.20079,0.15283,0.02366
20.48,0,0.76515,2.49664,3.14095,0.49881,0.00000,0.00000,
20.48,1,1.86487,2.48395,3.11951,0.51687,0.02569,0.09979,0.03975
20.48,2,3.00800,2.31435,2.93307,0.44991,-0.01529,0.15564,0.03437
20.5,0,0.75518,2.49665,3.14095,0.49808,0.00000,0.00000,
20.5,1,1.85503,2.48417,3.12000,0.47659,0.02256,0.09992,0.04972
20.5,2,2.99865,2.31640,2.93479,0.52818,0.11088,0.15586,0.04422
20.52,0,0.74522,2.49665,3.14095,0.49788,0.00000,0.00000,
20.52,1,1.84561,2.48437,3.12041,0.47020,0.01913,0.10046,0.05968
20.52,2,2.98790,2.31864,2.93704,0.54505,0.11441,0.15425,0.05364
20.54,0,0.73527,2.49666,3.14095,0.49804,0.00000,0.00000,
20.54,1,1.83400,2.48457,3.12086,0.64032,0.02644,0.09880,0.01992
20.54,2,2.97697,2.32078,2.93966,0.68260,0.19068,0.15465,0.01632
20.56,0,0.72530,2.49667,3.14095,0.49814,0.00000,0.00000,
20.56,1,1.82194,2.48477,3.12146,0.53545,0.03354,0.09670,0.02988
20.56,2,2.96320,2.32321,2.94750,0.67160,0.47579,0.15263,0.02837
20.58,0,0.71534,2.49667,3.14095,0.49812,0.00000,0.00000,
20.58,1,1.81075,2.48498,3.12183,0.56482,0.01062,0.09547,0.03984
20.58,2,2.95012,2.32586,2.95756,0.65594,0.54983,0.15043,0.03956
20.6,0,0.70538,2.49668,3.14095,0.49809,0.00000,0.00000,
20.6,1,1.80223,2.48520,3.12160,0.40671,-0.01499,0.09691,0.04980
20.6,2,2.93832,2.32821,2.96413,0.51740,0.06628,0.14689,0.04809
20.62,0,0.69542,2.49668,3.14095,0.49808,0.00000,0.00000,
20.62,1,1.79394,2.48539,3.12155,0.42459,0.01186,0.09858,0.05977
20.62,2,2.93000,2.33001,2.96312,0.42944,0.01941,0.14664,0.00420
20.64,0,0.68546,2.49669,3.14095,0.49809,0.00000,0.00000,
20.64,1,1.78300,2.48557,3.12222,0.60027,0.05865,0.09760,0.01992
20.64,2,2.92083,2.33168,2.96655,0.48231,0.20921,0.14818,0.01514
20.66,0,0.67593,2.49670,3.14095,0.46465,-0.00010,0.00000,
20.66,1,1.77100,2.48574,3.12340,0.60027,0.05865,0.09513,0.02945
20.66,2,2.91189,2.33331,2.97040,0.46705,0.11937,0.15104,0.02714
20.68,0,0.66651,2.49670,3.14095,0.47500,0.00006,0.00000,
20.68,1,1.75959,2.48592,3.12454,0.54762,0.04442,0.09314,0.03887
20.68,2,2.90207,2.33503,2.97118,0.51026,0.01319,0.15239,0.03855
20.7,0,0.65698,2.49671,3.14095,0.47672,0.00003,0.00000,
20.7,1,1.74986,2.48610,3.12471,0.41064,-0.01101,0.09293,0.04840
20.7,2,2.89225,2.33672,2.97194,0.48317,0.06307,0.15212,0.04828
20.72,0,0.64769,2.49672,3.14095,0.47615,0.00003,0.00000,
20.72,1,1.74129,2.48626,3.12476,0.44134,0.01416,0.09365,0.05769
20.72,2,2.88269,2.33829,2.96964,0.51893,-1.13280,0.15095,0.00436
20.74,0,0.63766,2.49672,3.14095,0.51427,-0.00006,0.00000,
20.74,1,1.73042,2.48643,3.12526,0.58770,0.03166,0.09281,0.01932
20.74,2,2.87242,2.33985,2.93919,0.51878,-1.52161,0.15137,0.01524
20.76,0,0.62740,2.49673,3.14095,0.50820,-0.00000,0.00000,
20.76,1,1.71966,2.48663,3.12592,0.52839,0.02733,0.09231,0.02958
20.76,2,2.86200,2.34155,2.91725,0.52443,-0.42487,0.15151,0.02600
20.78,0,0.61739,2.49673,3.14095,0.49532,0.00002,0.00000,
20.78,1,1.70945,2.48679,3.12624,0.49608,0.00894,0.09210,0.03959
20.78,2,2.85242,2.34364,2.92281,0.49136,0.54832,0.15190,0.03621
20.8,0,0.60752,2.49674,3.14095,0.49352,0.00000,0.00000,
20.8,1,1.70134,2.48694,3.12623,0.39536,0.00490,0.09387,0.04946
20.8,2,2.84284,2.34579,2.93165,0.48877,0.29531,0.15019,0.04432
20.82,0,0.59761,2.49675,3.14095,0.49679,-0.00000,0.00000,
20.82,1,1.69305,2.48707,3.12650,0.42650,0.01760,0.09548,0.05936
20.82,2,2.83358,2.34785,2.93428,0.50696,0.05551,0.14900,0.00423
20.84,0,0.58766,2.49675,3.14095,0.49822,0.00000,0.00000,
20.84,1,1.68559,2.48721,3.12708,0.31216,0.03533,0.09798,0.01986
20.84,2,2.82235,2.34997,2.93497,0.54775,0.05171,0.14501,0.01168
20.86,0,0.57770,2.49676,3.14095,0.49766,0.00000,0.00000,
20.86,1,1.67924,2.48734,3.12774,0.34012,0.02683,0.10158,0.02982
20.86,2,2.81254,2.35200,2.93838,0.52264,0.16273,0.14135,0.01804
20.88,0,0.56775,2.49677,3.14095,0.49709,0.00000,0.00000,
20.88,1,1.67109,2.48745,3.12801,0.45712,0.00568,0.10338,0.03977
20.88,2,2.80244,2.35418,2.94056,0.43112,-0.03272,0.13917,0.02619
20.9,0,0.55781,2.49677,3.14095,0.49709,0.00000,0.00000,
20.9,1,1.66191,2.48758,3.12815,0.47505,0.00744,0.10414,0.04971
20.9,2,2.79407,2.35616,2.94184,0.42789,0.11858,0.13977,0.03537
20.92,0,0.54786,2.49678,3.14095,0.49726,0.00000,0.00000,
20.92,1,1.64942,2.48771,3.12845,0.68798,0.02757,0.10159,0.00994
20.92,2,2.78547,2.35792,2.94516,0.51571,0.19072,0.14344,0.00714
20.94,0,0.53792,2.49679,3.14095,0.49731,0.00000,0.00000,
20.94,1,1.63572,2.48784,3.12900,0.66022,0.03090,0.09784,0.01989
20.94,2,2.77476,2.35984,2.95347,0.48379,0.52907,0.14621,0.02085
20.96,0,0.52797,2.49679,3.14095,0.49727,0.00000,0.00000,
20.96,1,1.62313,2.48794,3.12935,0.60913,-0.00629,0.09520,0.02984
20.96,2,2.76523,2.36184,2.96155,0.52772,0.15798,0.14904,0.03343
20.98,0,0.51803,2.49680,3.14095,0.49725,0.00000,0.00000,
20.98,1,1.61326,2.48808,3.12900,0.37746,-0.02287,0.09527,0.03978
20.98,2,2.75343,2.36405,2.96201,0.64661,0.00182,0.14689,0.04330
21.0,0,0.50808,2.49680,3.14095,0.49725,0.00000,0.00000,
21.0,1,1.60543,2.48828,3.12747,0.40531,-0.12030,0.09738,0.04973
21.0,2,2.74067,2.36639,2.96380,0.63989,0.16791,0.14176,0.05114
21.02,0,0.49814,2.49681,3.14095,0.49726,0.00000,0.00000,
21.02,1,1.59590,2.48842,3.12726,0.52554,0.23280,0.09780,0.00995
21.02,2,2.72792,2.36870,2.96710,0.64697,0.15481,0.13833,0.00537
21.04,0,0.48819,2.49682,3.14095,0.49726,0.00000,0.00000,
21.04,1,1.58539,2.48856,3.13189,0.52597,0.22620,0.09723,0.01989
21.04,2,2.71487,2.37101,2.97232,0.69639,0.23684,0.13558,0.01588
21.06,0,0.47825,2.49682,3.14095,0.49726,0.00000,0.00000,
21.06,1,1.57510,2.48908,3.13561,0.49439,0.12854,0.09688,0.02984
21.06,2,2.70230,2.37319,2.97589,0.57055,0.12884,0.13315,0.02618
21.08,0,0.46830,2.49683,3.14095,0.49726,0.00000,0.00000,
21.08,1,1.56533,2.48922,3.13618,0.42692,-0.02539,0.09706,0.03978
21.08,2,2.69411,2.37501,2.97580,0.39657,-0.01464,0.13454,0.03595
21.1,0,0.45836,2.49684,3.14095,0.49726,0.00000,0.00000,
21.1,1,1.55645,2.48919,3.13554,0.45407,-0.02388,0.09812,0.04973
21.1,2,2.68621,2.37662,2.97616,0.41290,0.07332,0.13535,0.04483
21.12,0,0.44841,2.49684,3.14095,0.49726,0.00000,0.00000,
21.12,1,1.54482,2.48913,3.13567,0.61855,0.03116,0.09643,0.00995
21.12,2,2.67788,2.37802,2.97871,0.42562,0.15375,0.13850,0.05646
21.14,0,0.43914,2.49685,3.14095,0.46872,-0.00001,0.00000,
21.14,1,1.53296,2.48907,3.13632,0.57221,0.03564,0.09385,0.01922
21.14,2,2.66724,2.37942,2.98397,0.60234,0.38759,0.13957,0.01820
21.16,0,0.42967,2.49686,3.14095,0.47597,0.00006,0.00000,
21.16,1,1.52171,2.48932,3.13762,0.54688,0.06793,0.09207,0.02869
21.16,2,2.65550,2.38083,2.99206,0.55657,0.45495,0.13897,0.02945
21.18,0,0.42026,2.49686,3.14095,0.44233,0.00018,0.00000,
21.18,1,1.51192,2.48939,3.13821,0.40243,0.00982,0.09169,0.03810
21.18,2,2.64488,2.38225,3.00162,0.51482,0.46863,0.13801,0.03924
21.2,0,0.41071,2.49687,3.14095,0.50156,-0.00005,0.00000,
21.2,1,1.50353,2.48939,3.13814,0.43655,-0.01139,0.09285,0.04765
21.2,2,2.63434,2.38383,3.00516,0.52000,-0.02236,0.13572,0.04763
21.22,0,0.40046,2.49687,3.14095,0.51392,-0.00004,0.00000,
21.22,1,1.49210,2.48938,3.13885,0.64422,0.14195,0.09166,0.01025
21.22,2,2.62296,2.38549,3.00529,0.60267,0.05223,0.13562,0.05907
21.24,0,0.39033,2.49688,3.14095,0.49999,0.00001,0.00000,
21.24,1,1.48080,2.48937,-3.14147,0.55349,0.14580,0.09049,0.02038
21.24,2,2.61147,2.38717,3.00788,0.61704,0.15559,0.13528,0.01789
21.26,0,0.38043,2.49689,3.14095,0.49249,0.00001,0.00000,
21.26,1,1.46976,2.48970,-3.13888,0.54679,0.09452,0.08935,0.03028
21.26,2,2.59844,2.38900,3.01104,0.64110,0.16043,0.13316,0.02893
21.28,0,0.37057,2.49689,3.14095,0.49449,0.00000,0.00000,
21.28,1,1.46124,2.48980,-3.13768,0.40085,0.03479,0.09069,0.04014
21.28,2,2.58561,2.39074,3.01286,0.64132,0.05456,0.12872,0.03745
21.3,0,0.36065,2.49690,3.14095,0.49723,0.00000,0.00000,
21.3,1,1.45297,2.48963,-3.13792,0.39492,-0.04478,0.09234,0.05006
21.3,2,2.57380,2.39236,3.01326,0.48400,-0.09654,0.12505,0.04572
21.32,0,0.35070,2.49691,3.14095,0.49741,0.00000,0.00000,
21.32,1,1.44404,2.48950,-3.13891,0.59102,-0.03742,0.09337,0.00995
21.32,2,2.56413,2.39385,3.01186,0.49706,-0.05107,0.12417,0.05465
21.34,0,0.34076,2.49691,3.14095,0.49666,0.00000,0.00000,
21.34,1,1.43112,2.48939,-3.13963,0.62281,-0.03608,0.09039,0.01989
21.34,2,2.55501,2.39521,3.01116,0.40255,-0.23604,0.12783,0.01784
21.36,0,0.33083,2.49692,3.14095,0.49640,0.00000,0.00000,
21.36,1,1.41869,2.48935,-3.14017,0.61520,0.01616,0.08789,0.02982
21.36,2,2.54707,2.39664,3.00650,0.40377,-0.22911,0.13218,0.03027
21.38,0,0.32090,2.49692,3.14095,0.49655,0.00000,0.00000,
21.38,1,1.40733,2.48941,-3.13926,0.52397,0.03368,0.08646,0.03975
21.38,2,2.53879,2.39798,3.00492,0.43607,0.06157,0.13514,0.04163
21.4,0,0.31097,2.49693,3.14095,0.49666,0.00000,0.00000,
21.4,1,1.39927,2.48940,-3.13912,0.38202,-0.01192,0.08833,0.04968
21.4,2,2.52991,2.39917,3.00783,0.45144,0.17021,0.13423,0.04970
21.42,0,0.30103,2.49694,3.14095,0.49665,0.00000,0.00000,
21.42,1,1.39109,2.48935,-3.13965,0.42686,-0.03114,0.09008,0.05961
21.42,2,2.52109,2.40031,3.01062,0.43727,0.10963,0.13350,0.05788
21.44,0,0.29110,2.49694,3.14095,0.49661,0.00000,0.00000,
21.44,1,1.38066,2.48932,-3.14017,0.54189,-0.02399,0.08959,0.01987
21.44,2,2.51123,2.40145,3.01299,0.62135,0.16653,0.13398,0.01463
21.46,0,0.28117,2.49695,3.14095,0.49661,0.00000,0.00000,
21.46,1,1.36982,2.48928,-3.14065,0.54189,-0.02387,0.08868,0.02980
21.46,2,2.49913,2.40293,3.01720,0.57194,0.25030,0.13261,0.02547
21.48,0,0.27124,2.49696,3.14095,0.49662,0.00000,0.00000,
21.48,1,1.35944,2.48932,-3.14084,0.50679,-0.00001,0.08823,0.03973
21.48,2,2.48828,2.40440,3.02217,0.51505,0.18239,0.13203,0.03586
21.5,0,0.26130,2.49696,3.14095,0.49662,0.00000,0.00000,
21.5,1,1.35085,2.48932,-3.14087,0.40059,-0.00593,0.08958,0.04966
21.5,2,2.47901,2.40552,3.02373,0.38440,-0.03394,0.13127,0.04444
21.52,0,0.25137,2.49697,3.14095,0.49662,0.00000,0.00000,
21.52,1,1.34228,2.48929,-3.14118,0.50031,-0.01767,0.09094,0.00993
21.52,2,2.47183,2.40654,3.02144,0.43831,-0.70948,0.13257,0.00443
21.54,0,0.24144,2.49698,3.14095,0.49662,0.00000,0.00000,
21.54,1,1.33128,2.48926,-3.14095,0.54420,0.01823,0.08987,0.01986
21.54,2,2.46301,2.40752,3.01014,0.43134,-0.27280,0.13468,0.01544
21.56,0,0.23151,2.49698,3.14095,0.49662,0.00000,0.00000,
21.56,1,1.32039,2.48923,-3.14058,0.54372,0.02316,0.08892,0.02980
21.56,2,2.45450,2.40857,3.01169,0.47450,0.21802,0.13697,0.02632
21.58,0,0.22157,2.49699,3.14095,0.49662,0.00000,0.00000,
21.58,1,1.31012,2.48934,-3.13994,0.51343,0.01622,0.08857,0.03973
21.58,2,2.44450,2.40992,3.01582,0.50995,0.16819,0.13716,0.03660
21.6,0,0.21164,2.49699,3.14095,0.49662,0.00000,0.00000,
21.6,1,1.30156,2.48933,-3.13996,0.43537,-0.01849,0.08994,0.04966
21.6,2,2.43479,2.41119,3.01822,0.47078,0.09400,0.13592,0.04516
21.62,0,0.20171,2.49700,3.14095,0.49662,0.00000,0.00000,
21.62,1,1.29100,2.48928,-3.14042,0.68689,-0.01474,0.08932,0.00993
21.62,2,2.42560,2.41234,3.02048,0.42144,0.23345,0.13721,0.00612
21.64,0,0.19178,2.49701,3.14095,0.49662,0.00000,0.00000,
21.64,1,1.27879,2.48922,-3.13885,0.58555,0.07904,0.08704,0.01986
21.64,2,2.41950,2.41345,3.02265,0.22109,-0.03102,0.14322,0.01833
21.66,0,0.18184,2.49701,3.14095,0.49662,0.00000,0.00000,
21.66,1,1.26715,2.48935,-3.13686,0.57257,0.14259,0.08533,0.02980
21.66,2,2.41629,2.41457,3.02072,0.15980,-0.13353,0.15157,0.02997
21.68,0,0.17191,2.49702,3.14095,0.49662,0.00000,0.00000,
21.68,1,1.25649,2.48943,-3.13524,0.46580,0.01088,0.08460,0.03973
21.68,2,2.41231,2.41575,3.01238,0.26576,-0.47575,0.15817,0.04063
21.7,0,0.16198,2.49703,3.14095,0.49662,0.00000,0.00000,
21.7,1,1.24840,2.48937,-3.13554,0.41396,-0.03538,0.08645,0.04966
21.7,2,2.40590,2.41675,3.01022,0.35813,0.16299,0.15977,0.04872
21.72,0,0.15234,2.49703,3.14095,0.46121,-0.00015,0.00000,
21.72,1,1.23980,2.48927,-3.13638,0.43868,-0.04012,0.08748,0.05930
21.72,2,2.39804,2.41776,3.01609,0.39829,0.29390,0.16045,0.05732
21.74,0,0.14299,2.49704,3.14095,0.47221,0.00005,0.00000,
21.74,1,1.22858,2.48918,-3.13705,0.58113,-0.03366,0.08562,0.01899
21.74,2,2.38893,2.41889,3.00870,0.44994,-0.39319,0.16248,0.01558
21.76,0,0.13349,2.49704,3.14095,0.47565,0.00004,0.00000,
21.76,1,1.21696,2.48910,-3.13772,0.58113,-0.03347,0.08349,0.02849
21.76,2,2.37943,2.41992,3.00996,0.53292,0.27751,0.16453,0.02720
21.78,0,0.12423,2.49705,3.14096,0.47536,0.00003,0.00000,
21.78,1,1.20610,2.48911,-3.13785,0.53587,0.00636,0.08190,0.03775
21.78,2,2.36963,2.42116,3.01445,0.50564,0.20527,0.16552,0.03806
21.8,0,0.11421,2.49706,3.14095,0.51332,-0.00007,0.00000,
21.8,1,1.19774,2.48909,-3.13776,0.38639,-0.00022,0.08356,0.04777
21.8,2,2.35976,2.42240,3.01762,0.48501,0.12780,0.16394,0.04642
21.82,0,0.10397,2.49706,3.14095,0.50699,-0.00001,0.00000,
21.82,1,1.18976,2.48900,-3.13632,0.40984,0.07232,0.08581,0.05801
21.82,2,2.35027,2.42358,3.02006,0.51849,0.14501,0.16236,0.00405
21.84,0,0.09399,2.49707,3.14095,0.49410,0.00002,0.00000,
21.84,1,1.18262,2.48895,-3.13142,0.31312,0.42948,0.08866,0.02022
21.84,2,2.33914,2.42497,3.02389,0.58878,0.16670,0.15829,0.01119
21.86,0,0.08414,2.49708,3.14095,0.49237,0.00000,0.00000,
21.86,1,1.17633,2.48861,-3.12046,0.32282,0.59273,0.09222,0.03007
21.86,2,2.32801,2.42630,3.02647,0.52536,0.11054,0.15336,0.01748
21.88,0,0.07426,2.49708,3.14095,0.49566,-0.00000,0.00000,
21.88,1,1.16782,2.48836,-3.11554,0.49652,-0.04432,0.09359,0.03995
21.88,2,2.31832,2.42743,3.02869,0.46675,0.11502,0.15211,0.02600
21.9,0,0.06432,2.49709,3.14095,0.49708,0.00000,0.00000,
21.9,1,1.15767,2.48814,-3.11918,0.52441,-0.19493,0.09338,0.04989
21.9,2,2.30933,2.42848,3.03086,0.39522,0.05256,0.15320,0.03615
21.92,0,0.05439,2.49710,3.14095,0.49651,0.00000,0.00000,
21.92,1,1.14717,2.48792,-3.12159,0.55680,-0.06328,0.09282,0.00994
21.92,2,2.30111,2.42946,3.03274,0.42973,0.12421,0.15542,0.04666
21.94,0,0.04447,2.49710,3.14095,0.49594,0.00000,0.00000,
21.94,1,1.13414,2.48767,-3.12249,0.64325,-0.04527,0.08972,0.01986
21.94,2,2.29064,2.43051,3.03669,0.63690,0.31086,0.15791,0.01827
21.96,0,0.03455,2.49711,3.14095,0.49595,0.00000,0.00000,
21.96,1,1.12206,2.48745,-3.12349,0.55868,-0.05511,0.08756,0.02978
21.96,2,2.27913,2.43180,3.04378,0.53637,0.38347,0.15841,0.03035
21.98,0,0.02463,2.49711,3.14095,0.49612,0.00000,0.00000,
21.98,1,1.11225,2.48727,-3.12458,0.38038,-0.04122,0.08767,0.03970
21.98,2,2.26828,2.43307,3.04950,0.56265,0.14661,0.15730,0.04017
22.0,0,0.01470,2.49712,3.14095,0.49616,0.00000,0.00000,
22.0,1,1.10555,2.48708,-3.12526,0.33392,-0.02584,0.09089,0.04962
22.0,2,2.25790,2.43413,3.04992,0.52073,0.00784,0.15357,0.04687
22.02,0,0.00478,2.49713,3.14095,0.49612,0.00000,0.00000,
22.02,1,1.09757,2.48690,-3.12559,0.56439,-0.03182,0.09284,0.00992
22.02,2,2.24728,2.43509,3.05112,0.53625,0.09654,0.15087,0.05485
22.04,0,-0.00514,2.49713,3.14095,0.49610,0.00000,0.00000,
22.04,1,1.08614,2.48675,-3.12723,0.57257,-0.09071,0.09133,0.01984
22.04,2,2.23674,2.43604,3.04948,0.58897,-0.61341,0.15172,0.01595
22.06,0,-0.01506,2.49714,3.14095,0.49610,0.00000,0.00000,
22.06,1,1.07497,2.48659,-3.12909,0.50546,-0.09964,0.09009,0.02977
22.06,2,2.22516,2.43697,3.03742,0.53795,-0.55501,0.15125,0.02711
22.08,0,-0.02499,2.49715,3.14095,0.49611,0.00000,0.00000,
22.08,1,1.06508,2.48639,-3.13066,0.50448,-0.04727,0.09012,0.03969
22.08,2,2.21534,2.43818,3.02987,0.47747,-0.15222,0.15127,0.03701
22.1,0,-0.03491,2.49715,3.14095,0.49611,0.00000,0.00000,
22.1,1,1.05739,2.48625,-3.13136,0.38641,-0.04145,0.09236,0.04961
22.1,2,2.20779,2.43930,3.03033,0.30098,0.08439,0.15135,0.04470
22.12,0,-0.04483,2.49716,3.14095,0.49611,0.00000,0.00000,
22.12,1,1.04801,2.48617,-3.13380,0.51057,-0.30230,0.09290,0.00992
22.12,2,2.20141,2.44021,3.03375,0.33175,0.14064,0.15432,0.05408
22.14,0,-0.05475,2.49717,3.14095,0.49611,0.00000,0.00000,
22.14,1,1.03875,2.48606,-3.13948,0.46472,-0.20971,0.09355,0.01984
22.14,2,2.19447,2.44101,3.03890,0.30291,0.45674,0.15660,0.01458
22.16,0,-0.06467,2.49717,3.14095,0.49611,0.00000,0.00000,
22.16,1,1.02911,2.48566,-3.14032,0.49431,0.05064,0.09385,0.02977
22.16,2,2.18793,2.44168,3.05198,0.38710,0.59562,0.15965,0.02422
22.18,0,-0.07460,2.49718,3.14095,0.49611,0.00000,0.00000,
22.18,1,1.01914,2.48563,-3.13930,0.49715,0.02868,0.09380,0.03969
22.18,2,2.17892,2.44253,3.05722,0.46057,0.06292,0.16058,0.03420
22.2,0,-0.08452,2.49718,3.14095,0.49611,0.00000,0.00000,
22.2,1,1.00959,2.48568,-3.13947,0.41046,-0.02814,0.09417,0.04961
22.2,2,2.16902,2.44344,3.05729,0.52443,0.00422,0.16020,0.04374
22.22,0,-0.09444,2.49719,3.14095,0.49611,0.00000,0.00000,
22.22,1,1.00051,2.48572,-3.14010,0.59712,-0.03426,0.09502,0.00992
22.22,2,2.15834,2.44430,3.05857,0.61913,0.12682,0.15857,0.00495
22.24,0,-0.10436,2.49720,3.14095,0.49611,0.00000,0.00000,
22.24,1,0.98840,2.48575,3.13984,0.52509,-0.16351,0.09283,0.01984
22.24,2,2.14432,2.44530,3.06205,0.64964,0.21708,0.15662,0.01706
22.26,0,-0.11429,2.49720,3.14095,0.49611,0.00000,0.00000,
22.26,1,0.97806,2.48561,3.13814,0.52237,-0.03197,0.09241,0.02977
22.26,2,2.13160,2.44640,3.06667,0.61082,0.22113,0.15420,0.02740
22.28,0,-0.12421,2.49721,3.14095,0.49611,0.00000,0.00000,
22.28,1,0.96905,2.48541,3.13775,0.35762,-0.07156,0.09332,0.03969
22.28,2,2.12125,2.44726,3.06893,0.38394,0.00267,0.15283,0.03641
22.3,0,-0.13413,2.49722,3.14095,0.49611,0.00000,0.00000,
22.3,1,0.96154,2.48562,3.13378,0.39100,-0.23203,0.09573,0.04961
22.3,2,2.11405,2.44808,3.06868,0.36430,-0.03493,0.15312,0.04392
22.32,0,-0.14405,2.49722,3.14095,0.49611,0.00000,0.00000,
22.32,1,0.95317,2.48587,3.12768,0.49706,-0.50891,0.09728,0.00992
22.32,2,2.10636,2.44879,3.06839,0.40550,0.04216,0.15379,0.00467
22.34,0,-0.15397,2.49723,3.14095,0.49611,0.00000,0.00000,
22.34,1,0.94289,2.48615,3.12156,0.51715,-0.26130,0.09692,0.01984
22.34,2,2.09844,2.44937,3.07078,0.41406,0.14351,0.15614,0.01495
22.36,0,-0.16390,2.49723,3.14095,0.49611,0.00000,0.00000,
22.36,1,0.93292,2.48632,3.11922,0.49425,0.00902,0.09687,0.02977
22.36,2,2.08925,2.45001,3.07284,0.48016,0.07391,0.15690,0.02492
22.38,0,-0.17382,2.49724,3.14095,0.49611,0.00000,0.00000,
22.38,1,0.92278,2.48658,3.12070,0.51126,0.08998,0.09665,0.03969
22.38,2,2.07991,2.45064,3.07410,0.45115,0.06267,0.15769,0.03506
22.4,0,-0.18374,2.49725,3.14095,0.49611,0.00000,0.00000,
22.4,1,0.91348,2.48682,3.12182,0.43117,0.03016,0.09727,0.04961
22.4,2,2.07130,2.45123,3.07550,0.41927,0.07500,0.15837,0.04437
22.42,0,-0.19366,2.49725,3.14095,0.49611,0.00000,0.00000,
22.42,1,0.90433,2.48702,3.12218,0.56836,0.01795,0.09804,0.00992
22.42,2,2.06250,2.45178,3.07726,0.50287,0.15008,0.15870,0.00480
22.44,0,-0.20359,2.49726,3.14095,0.49611,0.00000,0.00000,
22.44,1,0.89152,2.48721,3.12281,0.56736,0.04723,0.09515,0.01984
22.44,2,2.05234,2.45240,3.08120,0.50989,0.16974,0.16134,0.01761
22.46,0,-0.21351,2.49727,3.14095,0.49611,0.00000,0.00000,
22.46,1,0.88076,2.48738,3.12386,0.53678,0.04925,0.09431,0.02977
22.46,2,2.04227,2.45300,3.08303,0.49798,0.04079,0.16203,0.02838
22.48,0,-0.22276,2.49727,3.14095,0.46774,-0.00001,0.00000,
22.48,1,0.87206,2.48752,3.12407,0.34238,-0.02274,0.09487,0.03902
22.48,2,2.03249,2.45357,3.08362,0.48475,0.03550,0.16092,0.03707
22.5,0,-0.23221,2.49728,3.14095,0.47494,0.00006,0.00000,
22.5,1,0.86478,2.48778,3.12103,0.38183,-0.20465,0.09703,0.04847
22.5,2,2.02299,2.45412,3.08472,0.48051,0.06340,0.15870,0.04436
22.52,0,-0.24155,2.49728,3.14095,0.44799,0.00015,0.00000,
22.52,1,0.85698,2.48800,3.12050,0.46267,0.27221,0.09857,0.00934
22.52,2,2.01323,2.45467,3.08596,0.49121,0.05943,0.15673,0.05216
22.54,0,-0.25119,2.49729,3.14096,0.50449,-0.00006,0.00000,
22.54,1,0.84762,2.48837,3.12460,0.47656,0.10797,0.09885,0.01898
22.54,2,2.00377,2.45521,3.08710,0.40518,0.05947,0.15662,0.01356
22.56,0,-0.26144,2.49730,3.14095,0.51223,-0.00003,0.00000,
22.56,1,0.83796,2.48870,3.12486,0.48429,-0.03205,0.09944,0.02923
22.56,2,1.99794,2.45559,3.08807,0.20782,0.01059,0.16045,0.02322
22.58,0,-0.27153,2.49730,3.14095,0.49782,0.00002,0.00000,
22.58,1,0.82841,2.48884,3.12435,0.47094,-0.00903,0.09997,0.03932
22.58,2,1.99449,2.45594,3.08659,0.16602,-0.08459,0.16655,0.03277
22.6,0,-0.28140,2.49731,3.14095,0.49154,0.00001,0.00000,
22.6,1,0.81914,2.48896,3.12460,0.45860,0.02401,0.10057,0.04919
22.6,2,1.99020,2.45626,3.08592,0.28273,0.02753,0.17152,0.04204
22.62,0,-0.29125,2.49732,3.14095,0.49401,-0.00000,0.00000,
22.62,1,0.80983,2.48909,3.12514,0.46852,0.03713,0.10111,0.00985
22.62,2,1.98393,2.45662,3.08771,0.35852,0.10816,0.17455,0.00474
22.64,0,-0.30116,2.49732,3.14095,0.49654,-0.00000,0.00000,
22.64,1,0.80327,2.48923,3.12622,0.26160,0.04733,0.10446,0.01976
22.64,2,1.97523,2.45698,3.08995,0.40232,0.12829,0.17240,0.01130
22.66,0,-0.31109,2.49733,3.14095,0.49651,0.00000,0.00000,
22.66,1,0.79971,2.48936,3.12692,0.16078,0.03264,0.11084,0.02970
22.66,2,1.96721,2.45729,3.09398,0.44865,0.21232,0.16794,0.01486
22.68,0,-0.32102,2.49734,3.14095,0.49576,0.00000,0.00000,
22.68,1,0.79667,2.48947,3.12744,0.19541,0.01793,0.11772,0.03962
22.68,2,1.95687,2.45779,3.09621,0.55802,0.03709,0.16063,0.01790
22.7,0,-0.33093,2.49734,3.14095,0.49557,0.00000,0.00000,
22.7,1,0.79120,2.48957,3.12785,0.31911,0.02643,0.12216,0.04953
22.7,2,1.94567,2.45832,3.09635,0.54833,0.00464,0.15489,0.02338
22.72,0,-0.34084,2.49735,3.14095,0.49573,0.00000,0.00000,
22.72,1,0.78509,2.48967,3.12842,0.30583,0.02809,0.12596,0.00991
22.72,2,1.93522,2.45880,3.09684,0.50537,0.03914,0.15055,0.02949
22.74,0,-0.35076,2.49735,3.14095,0.49583,0.00000,0.00000,
22.74,1,0.77889,2.48975,3.12899,0.32862,0.02725,0.12968,0.01983
22.74,2,1.92425,2.45926,3.09837,0.61785,0.09108,0.14576,0.00925
22.76,0,-0.36067,2.49736,3.14095,0.49581,0.00000,0.00000,
22.76,1,0.77081,2.48984,3.12931,0.44996,0.01132,0.13151,0.02975
22.76,2,1.91201,2.45975,3.10040,0.57745,0.14037,0.14159,0.01734
22.78,0,-0.37059,2.49737,3.14095,0.49578,0.00000,0.00000,
22.78,1,0.76040,2.48996,3.12946,0.53923,0.00786,0.13101,0.03966
22.78,2,1.90211,2.46017,3.10262,0.42314,0.04747,0.14210,0.02775
22.8,0,-0.38051,2.49737,3.14095,0.49577,0.00000,0.00000,
22.8,1,0.74947,2.49009,3.12964,0.53720,0.01016,0.13000,0.04958
22.8,2,1.89599,2.46051,3.10260,0.28929,-0.00585,0.14690,0.03868
22.82,0,-0.39042,2.49738,3.14095,0.49578,0.00000,0.00000,
22.82,1,0.73847,2.49022,3.12989,0.67052,0.01722,0.12891,0.00992
22.82,2,1.89000,2.46082,3.10243,0.31496,0.00191,0.15191,0.00577
22.84,0,-0.40034,2.49739,3.14095,0.49579,0.00000,0.00000,
22.84,1,0.72445,2.49034,3.13038,0.69045,0.02675,0.12481,0.01983
22.84,2,1.88164,2.46111,3.10532,0.36196,0.28299,0.15756,0.01978
22.86,0,-0.41025,2.49739,3.14095,0.49579,0.00000,0.00000,
22.86,1,0.71147,2.49046,3.13094,0.62391,0.02093,0.12175,0.02975
22.86,2,1.87466,2.46146,3.10977,0.38110,0.05954,0.16355,0.03276
22.88,0,-0.42017,2.49740,3.14095,0.49578,0.00000,0.00000,
22.88,1,0.70086,2.49057,3.13103,0.38972,-0.01041,0.12105,0.03966
22.88,2,1.86517,2.46183,3.10846,0.54432,-0.09202,0.16467,0.04338
22.9,0,-0.43008,2.49741,3.14095,0.49578,0.00000,0.00000,
22.9,1,0.69303,2.49069,3.13084,0.39287,-0.00973,0.12313,0.04958
22.9,2,1.85401,2.46221,3.10773,0.57499,0.00525,0.16133,0.05121
22.92,0,-0.44000,2.49741,3.14095,0.49578,0.00000,0.00000,
22.92,1,0.68433,2.49081,3.13086,0.56373,0.01110,0.12435,0.00992
22.92,2,1.84286,2.46260,3.10836,0.46463,0.04952,0.15887,0.00466
22.94,0,-0.44991,2.49742,3.14095,0.49578,0.00000,0.00000,
22.94,1,0.67248,2.49093,3.13134,0.59591,0.02506,0.12241,0.01983
22.94,2,1.83530,2.46289,3.10920,0.31564,0.01174,0.16316,0.01652
22.96,0,-0.45983,2.49742,3.14095,0.49578,0.00000,0.00000,
22.96,1,0.66056,2.49104,3.13184,0.59591,0.02499,0.12041,0.02975
22.96,2,1.83015,2.46316,3.10893,0.24726,-0.01703,0.16992,0.02843
22.98,0,-0.46975,2.49743,3.14095,0.49578,0.00000,0.00000,
22.98,1,0.64944,2.49112,3.13231,0.56658,0.01398,0.11920,0.03966
22.98,2,1.82478,2.46346,3.10806,0.31644,-0.05795,0.17567,0.03956
23.0,0,-0.47966,2.49744,3.14095,0.49578,0.00000,0.00000,
23.0,1,0.64021,2.49122,3.13226,0.44178,-0.00353,0.11989,0.04958
23.0,2,1.81744,2.46374,3.10776,0.37473,0.02775,0.17755,0.04879
23.02,0,-0.48958,2.49744,3.14095,0.49578,0.00000,0.00000,
23.02,1,0.63105,2.49132,3.13236,0.46551,0.01046,0.12064,0.05949
23.02,2,1.80812,2.46403,3.10845,0.51217,0.03112,0.17739,0.05795
23.04,0,-0.49949,2.49745,3.14095,0.49578,0.00000,0.00000,
23.04,1,0.61956,2.49141,3.13274,0.57390,0.02370,0.11907,0.01983
23.04,2,1.79724,2.46437,3.10914,0.55584,0.03773,0.17799,0.01612
23.06,0,-0.50941,2.49746,3.14095,0.49578,0.00000,0.00000,
23.06,1,0.60808,2.49150,3.13320,0.57331,0.01901,0.11751,0.02975
23.06,2,1.78655,2.46470,3.11076,0.55432,0.07865,0.17877,0.02760
23.08,0,-0.51932,2.49746,3.14095,0.49578,0.00000,0.00000,
23.08,1,0.59737,2.49155,3.13319,0.51045,-0.01046,0.11672,0.03966
23.08,2,1.77521,2.46505,3.11152,0.56957,0.01025,0.17814,0.03831
23.1,0,-0.52924,2.49747,3.14095,0.49578,0.00000,0.00000,
23.1,1,0.58860,2.49165,3.13288,0.44894,-0.03006,0.11786,0.04958
23.1,2,1.76490,2.46539,3.11134,0.47671,-0.01025,0.17659,0.04708
23.12,0,-0.53916,2.49747,3.14095,0.49578,0.00000,0.00000,
23.12,1,0.57765,2.49183,3.13333,0.62327,0.27519,0.11682,0.00992
23.12,2,1.75522,2.46569,3.11156,0.49046,0.02291,0.17786,0.05803
23.14,0,-0.54907,2.49748,3.14095,0.49578,0.00000,0.00000,
23.14,1,0.56648,2.49203,3.13853,0.55584,0.21655,0.11556,0.01983
23.14,2,1.74482,2.46599,3.11228,0.52380,0.06388,0.17863,0.01746
23.16,0,-0.55899,2.49749,3.14095,0.49578,0.00000,0.00000,
23.16,1,0.55537,2.49235,3.14115,0.54812,0.03753,0.11437,0.02975
23.16,2,1.73500,2.46628,3.11351,0.48946,0.04781,0.17992,0.02857
23.18,0,-0.56890,2.49749,3.14095,0.49578,0.00000,0.00000,
23.18,1,0.54474,2.49234,3.14042,0.51883,-0.06715,0.11365,0.03966
23.18,2,1.72379,2.46660,3.11387,0.60482,0.00185,0.17933,0.03920
23.2,0,-0.57882,2.49750,3.14095,0.49578,0.00000,0.00000,
23.2,1,0.53583,2.49230,3.13943,0.45182,-0.02454,0.11466,0.04958
23.2,2,1.71168,2.46693,3.11392,0.59387,0.00723,0.17613,0.04811
23.22,0,-0.58873,2.49751,3.14095,0.49578,0.00000,0.00000,
23.22,1,0.52654,2.49228,3.13936,0.47091,0.00560,0.11528,0.00992
23.22,2,1.69990,2.46725,3.11412,0.58188,0.01228,0.17363,0.05740
23.24,0,-0.59865,2.49751,3.14095,0.49578,0.00000,0.00000,
23.24,1,0.51333,2.49228,3.13950,0.63293,0.00700,0.11199,0.01983
23.24,2,1.68836,2.46757,3.11444,0.58154,0.02058,0.17529,0.01789
23.26,0,-0.60857,2.49752,3.14095,0.49578,0.00000,0.00000,
23.26,1,0.50109,2.49227,3.13964,0.61202,0.00757,0.10967,0.02975
23.26,2,1.67682,2.46789,3.11482,0.56892,0.01569,0.17598,0.03013
23.28,0,-0.61848,2.49753,3.14095,0.49578,0.00000,0.00000,
23.28,1,0.48937,2.49231,3.13971,0.55562,-0.00185,0.10786,0.03966
23.28,2,1.66639,2.46818,3.11494,0.51606,0.00837,0.17727,0.04186
23.3,0,-0.62840,2.49753,3.14095,0.49578,0.00000,0.00000,
23.3,1,0.48042,2.49234,3.13960,0.43123,-0.00534,0.10883,0.04958
23.3,2,1.65619,2.46846,3.11514,0.48024,0.00461,0.17602,0.05081
23.32,0,-0.63831,2.49754,3.14095,0.49578,0.00000,0.00000,
23.32,1,0.47133,2.49236,3.13949,0.52531,-0.00487,0.10966,0.00992
23.32,2,1.64648,2.46872,3.11534,0.48909,0.01283,0.17539,0.00468
23.34,0,-0.64823,2.49754,3.14095,0.49578,0.00000,0.00000,
23.34,1,0.45845,2.49238,3.13944,0.58221,-0.00050,0.10669,0.01983
23.34,2,1.63369,2.46901,3.11605,0.62690,0.05347,0.17547,0.01756
23.36,0,-0.65814,2.49755,3.14095,0.49578,0.00000,0.00000,
23.36,1,0.44714,2.49240,3.13944,0.56479,-0.00032,0.10530,0.02975
23.36,2,1.62121,2.46928,3.11702,0.59990,0.03001,0.17430,0.02887
23.38,0,-0.66806,2.49756,3.14095,0.49578,0.00000,0.00000,
23.38,1,0.43689,2.49242,3.13938,0.39232,-0.00630,0.10496,0.03966
23.38,2,1.60959,2.46956,3.11704,0.57630,-0.00858,0.17292,0.03912
23.4,0,-0.67798,2.49756,3.14095,0.49578,0.00000,0.00000,
23.4,1,0.42868,2.49244,3.13926,0.42921,-0.00520,0.10666,0.04958
23.4,2,1.60077,2.46986,3.11629,0.42851,-0.07459,0.17231,0.04733
23.42,0,-0.68722,2.49757,3.14095,0.46746,-0.00001,0.00000,
23.42,1,0.41994,2.49246,3.13917,0.41155,-0.00425,0.10717,0.05883
23.42,2,1.59189,2.47018,3.11436,0.45848,-0.06177,0.17216,0.05607
23.44,0,-0.69667,2.49758,3.14095,0.47464,0.00006,0.00000,
23.44,1,0.40915,2.49248,3.13913,0.57556,-0.00175,0.10583,0.01869
23.44,2,1.58150,2.47040,3.11612,0.56246,0.30324,0.17256,0.01514
23.46,0,-0.70596,2.49758,3.14096,0.45484,0.00012,0.00000,
23.46,1,0.39811,2.49249,3.13912,0.52195,0.00211,0.10409,0.02799
23.46,2,1.57025,2.47063,3.12214,0.56312,0.29499,0.17234,0.02618
23.48,0,-0.71571,2.49759,3.14096,0.50729,-0.00007,0.00000,
23.48,1,0.38758,2.49252,3.13909,0.44304,-0.00614,0.10331,0.03774
23.48,2,1.55898,2.47130,3.12688,0.55984,0.15999,0.17159,0.03671
23.5,0,-0.72596,2.49759,3.14095,0.51068,-0.00003,0.00000,
23.5,1,0.37848,2.49256,3.13897,0.46389,-0.00496,0.10445,0.04798
23.5,2,1.54841,2.47157,3.12737,0.44803,-0.05295,0.17012,0.04581
23.52,0,-0.73601,2.49760,3.14095,0.49624,0.00002,0.00000,
23.52,1,0.36704,2.49259,3.13891,0.67274,-0.00207,0.10306,0.01005
23.52,2,1.53832,2.47165,3.12705,0.63346,0.09540,0.17147,0.00662
23.54,0,-0.74586,2.49761,3.14095,0.49123,0.00001,0.00000,
23.54,1,0.35531,2.49262,3.13891,0.53040,0.00158,0.10118,0.01990
23.54,2,1.52602,2.47169,3.13071,0.57326,0.19445,0.17090,0.01835
23.56,0,-0.75571,2.49761,3.14095,0.49406,-0.00000,0.00000,
23.56,1,0.34501,2.49265,3.13888,0.42695,-0.00611,0.10074,0.02975
23.56,2,1.51432,2.47202,3.13189,0.59818,-0.05953,0.16949,0.02864
23.58,0,-0.76562,2.49762,3.14095,0.49632,0.00000,0.00000,
23.58,1,0.33689,2.49267,3.13875,0.40971,-0.00641,0.10253,0.03966
23.58,2,1.50211,2.47223,3.13008,0.61575,-0.08242,0.16539,0.03676
23.6,0,-0.77555,2.49763,3.14095,0.49611,0.00000,0.00000,
23.6,1,0.32823,2.49270,3.13866,0.45333,-0.00310,0.10379,0.04959
23.6,2,1.48991,2.47231,3.12919,0.60231,-0.01912,0.16186,0.04543
23.62,0,-0.78546,2.49763,3.14095,0.49539,0.00000,0.00000,
23.62,1,0.31846,2.49273,3.13861,0.56229,0.00005,0.10393,0.00991
23.62,2,1.47879,2.47241,3.12897,0.55166,-0.00680,0.16051,0.00515
23.64,0,-0.79537,2.49764,3.14095,0.49526,0.00000,0.00000,
23.64,1,0.30669,2.49275,3.13864,0.59425,0.00150,0.10207,0.01982
23.64,2,1.47021,2.47250,3.12882,0.36146,-0.01309,0.16370,0.01692
23.66,0,-0.80528,2.49764,3.14095,0.49543,0.00000,0.00000,
23.66,1,0.29494,2.49278,3.13867,0.55087,0.00133,0.10023,0.02973
23.66,2,1.46204,2.47262,3.12653,0.44593,-0.19559,0.16727,0.02867
23.68,0,-0.81519,2.49765,3.14095,0.49552,0.00000,0.00000,
23.68,1,0.28453,2.49281,3.13863,0.42850,-0.00697,0.09973,0.03964
23.68,2,1.45293,2.47276,3.12409,0.43411,-0.05035,0.16857,0.03908
23.7,0,-0.82510,2.49766,3.14095,0.49549,0.00000,0.00000,
23.7,1,0.27621,2.49284,3.13850,0.43291,-0.00414,0.10132,0.04955
23.7,2,1.44281,2.47296,3.12244,0.53615,-0.18431,0.16677,0.04740
23.72,0,-0.83500,2.49766,3.14095,0.49546,0.00000,0.00000,
23.72,1,0.26719,2.49287,3.13845,0.51518,-0.00119,0.10220,0.00991
23.72,2,1.43205,2.47318,3.11963,0.53212,-0.06143,0.16503,0.05643
23.74,0,-0.84491,2.49767,3.14095,0.49545,0.00000,0.00000,
23.74,1,0.25625,2.49290,3.13849,0.54868,0.00177,0.10117,0.01982
23.74,2,1.42012,2.47342,3.12002,0.69940,0.05806,0.16404,0.01555
23.76,0,-0.85482,2.49768,3.14095,0.49546,0.00000,0.00000,
23.76,1,0.24604,2.49292,3.13853,0.50456,0.00108,0.10087,0.02973
23.76,2,1.40692,2.47371,3.12106,0.62440,0.03296,0.16104,0.02576
23.78,0,-0.86473,2.49768,3.14095,0.49547,0.00000,0.00000,
23.78,1,0.23630,2.49296,3.13848,0.42028,-0.00643,0.10105,0.03964
23.78,2,1.39508,2.47397,3.12120,0.56393,-0.00391,0.15893,0.03550
23.8,0,-0.87464,2.49769,3.14095,0.49547,0.00000,0.00000,
23.8,1,0.22750,2.49299,3.13838,0.45425,-0.00302,0.10215,0.04955
23.8,2,1.38667,2.47421,3.12058,0.40009,-0.03624,0.15932,0.04430
23.82,0,-0.88455,2.49770,3.14095,0.49546,0.00000,0.00000,
23.82,1,0.21673,2.49302,3.13836,0.69147,0.00134,0.10129,0.00991
23.82,2,1.37822,2.47446,3.11995,0.44807,0.01696,0.16164,0.00619
23.84,0,-0.89446,2.49770,3.14095,0.49546,0.00000,0.00000,
23.84,1,0.20490,2.49305,3.13845,0.57797,0.00486,0.09937,0.01982
23.84,2,1.37192,2.47458,3.12018,0.30102,0.00658,0.16717,0.01802
23.86,0,-0.90437,2.49771,3.14095,0.49546,0.00000,0.00000,
23.86,1,0.19341,2.49308,3.13853,0.56235,0.00188,0.09779,0.02973
23.86,2,1.36423,2.47470,3.12154,0.46042,0.06743,0.17096,0.02950
23.88,0,-0.91428,2.49771,3.14095,0.49546,0.00000,0.00000,
23.88,1,0.18321,2.49311,3.13849,0.40545,-0.00609,0.09750,0.03964
23.88,2,1.35436,2.47494,3.12215,0.46909,0.01449,0.17129,0.03970
23.9,0,-0.92419,2.49772,3.14095,0.49546,0.00000,0.00000,
23.9,1,0.17487,2.49314,3.13841,0.43186,-0.00234,0.09907,0.04955
23.9,2,1.34380,2.47518,3.12217,0.55767,-0.00244,0.16907,0.04805
23.92,0,-0.93410,2.49773,3.14095,0.49546,0.00000,0.00000,
23.92,1,0.16365,2.49317,3.13842,0.61529,0.00342,0.09775,0.00991
23.92,2,1.33277,2.47539,3.12220,0.53670,0.00587,0.16926,0.05927
23.94,0,-0.94401,2.49773,3.14095,0.49546,0.00000,0.00000,
23.94,1,0.15215,2.49320,3.13851,0.57291,0.00471,0.09617,0.01982
23.94,2,1.31997,2.47560,3.12278,0.74434,0.05443,0.16795,0.01793
23.96,0,-0.95392,2.49774,3.14095,0.49546,0.00000,0.00000,
23.96,1,0.14077,2.49323,3.13859,0.55671,0.00175,0.09470,0.02973
23.96,2,1.30603,2.47585,3.12326,0.66924,0.01540,0.16539,0.02931
23.98,0,-0.96383,2.49775,3.14095,0.49546,0.00000,0.00000,
23.98,1,0.13049,2.49326,3.13855,0.42826,-0.00562,0.09432,0.03964
23.98,2,1.29281,2.47608,3.12341,0.65065,0.00232,0.16244,0.03959
24.0,0,-0.97373,2.49775,3.14095,0.49546,0.00000,0.00000,
24.0,1,0.12234,2.49329,3.13845,0.42261,-0.00301,0.09608,0.04955
24.0,2,1.28089,2.47630,3.12332,0.49856,-0.01682,0.15868,0.04774
24.02,0,-0.98364,2.49776,3.14095,0.49546,0.00000,0.00000,
24.02,1,0.11173,2.49331,3.13844,0.60677,0.00333,0.09538,0.00991
24.02,2,1.27075,2.47651,3.12300,0.51545,0.00070,0.15915,0.05835
24.04,0,-0.99355,2.49777,3.14095,0.49546,0.00000,0.00000,
24.04,1,0.09992,2.49334,3.13852,0.56110,0.00469,0.09348,0.01982
24.04,2,1.26010,2.47671,3.12336,0.54138,0.02763,0.16031,0.01796
24.06,0,-1.00346,2.49777,3.14095,0.49546,0.00000,0.00000,
24.06,1,0.08890,2.49337,3.13861,0.53650,0.00303,0.09237,0.02973
24.06,2,1.24948,2.47692,3.12386,0.55541,0.01378,0.16070,0.02898
24.08,0,-1.01337,2.49778,3.14095,0.49546,0.00000,0.00000,
24.08,1,0.07914,2.49340,3.13856,0.39744,-0.00638,0.09252,0.03964
24.08,2,1.23812,2.47713,3.12396,0.55124,0.00347,0.15909,0.03873
24.1,0,-1.02328,2.49778,3.14095,0.49546,0.00000,0.00000,
24.1,1,0.07079,2.49343,3.13848,0.43361,-0.00264,0.09408,0.04955
24.1,2,1.22697,2.47733,3.12403,0.55878,0.00473,0.15629,0.04709
24.12,0,-1.03319,2.49779,3.14096,0.49546,0.00000,0.00000,
24.12,1,0.05979,2.49346,3.13849,0.54090,0.00433,0.09299,0.00991
24.12,2,1.21592,2.47752,3.12415,0.54597,0.00727,0.15624,0.05809
24.14,0,-1.04310,2.49780,3.14096,0.49546,0.00000,0.00000,
24.14,1,0.04897,2.49349,3.13858,0.54090,0.00433,0.09208,0.01982
24.14,2,1.20404,2.47771,3.12442,0.72180,0.03317,0.15517,0.01670
24.16,0,-1.05301,2.49780,3.14096,0.49546,0.00000,0.00000,
24.16,1,0.03830,2.49352,3.13863,0.52137,-0.00017,0.09131,0.02973
24.16,2,1.18872,2.47794,3.12514,0.72482,0.03003,0.15053,0.02738
24.18,0,-1.06292,2.49781,3.14096,0.49546,0.00000,0.00000,
24.18,1,0.02847,2.49355,3.13858,0.41675,-0.00532,0.09139,0.03964
24.18,2,1.17525,2.47820,3.12577,0.66907,0.02268,0.14689,0.03721
24.2,0,-1.07283,2.49782,3.14096,0.49546,0.00000,0.00000,
24.2,1,0.01995,2.49358,3.13851,0.43759,-0.00184,0.09279,0.04955
24.2,2,1.16213,2.47842,3.12589,0.60141,-0.01062,0.14227,0.04572
24.22,0,-1.08274,2.49782,3.14096,0.49546,0.00000,0.00000,
24.22,1,0.00984,2.49360,3.13850,0.66164,0.00123,0.09259,0.00991
24.22,2,1.15088,2.47860,3.12569,0.57376,-0.00068,0.14113,0.05583
24.24,0,-1.09265,2.49783,3.14096,0.49546,0.00000,0.00000,
24.24,1,-0.00301,2.49363,3.13857,0.59736,0.00506,0.08964,0.01982
24.24,2,1.14027,2.47879,3.12595,0.49903,0.02136,0.14338,0.01852
24.26,0,-1.10256,2.49783,3.14096,0.49546,0.00000,0.00000,
24.26,1,-0.01493,2.49366,3.13867,0.58764,0.00353,0.08764,0.02973
24.26,2,1.13105,2.47897,3.12625,0.36215,-0.00058,0.14608,0.03043
24.28,0,-1.11246,2.49784,3.14096,0.49546,0.00000,0.00000,
24.28,1,-0.02566,2.49369,3.13865,0.43912,-0.00457,0.08681,0.03964
24.28,2,1.12328,2.47912,3.12632,0.37745,0.01051,0.14904,0.04117
24.3,0,-1.12237,2.49785,3.14096,0.49546,0.00000,0.00000,
24.3,1,-0.03391,2.49372,3.13858,0.42421,-0.00221,0.08847,0.04955
24.3,2,1.11521,2.47926,3.12657,0.44416,0.01020,0.14922,0.04942
24.32,0,-1.13228,2.49785,3.14096,0.49546,0.00000,0.00000,
24.32,1,-0.04303,2.49375,3.13856,0.56767,0.00023,0.08926,0.00991
24.32,2,1.10617,2.47939,3.12692,0.46199,0.01501,0.14929,0.05854
24.34,0,-1.14219,2.49786,3.14096,0.49546,0.00000,0.00000,
24.34,1,-0.05562,2.49377,3.13862,0.58527,0.00500,0.08658,0.01982
24.34,2,1.09471,2.47954,3.12717,0.64213,0.01760,0.15042,0.01738
24.36,0,-1.15210,2.49787,3.14096,0.49546,0.00000,0.00000,
24.36,1,-0.06732,2.49380,3.13872,0.58355,0.00466,0.08479,0.02973
24.36,2,1.08193,2.47968,3.12744,0.61448,-0.00762,0.14934,0.02909
24.38,0,-1.16201,2.49787,3.14096,0.49546,0.00000,0.00000,
24.38,1,-0.07837,2.49383,3.13874,0.51985,-0.00193,0.08365,0.03964
24.38,2,1.07029,2.47982,3.12685,0.56188,-0.02689,0.14874,0.04013
24.4,0,-1.17192,2.49788,3.14096,0.49546,0.00000,0.00000,
24.4,1,-0.08660,2.49386,3.13865,0.37309,-0.00439,0.08533,0.04955
24.4,2,1.06138,2.47998,3.12633,0.39773,-0.03416,0.14807,0.04836
24.42,0,-1.18183,2.49789,3.14096,0.49546,0.00000,0.00000,
24.42,1,-0.09685,2.49388,3.13862,0.56590,-0.00062,0.08499,0.00991
24.42,2,1.05326,2.48013,3.12579,0.41819,0.00238,0.15019,0.05861
24.44,0,-1.19174,2.49789,3.14096,0.49546,0.00000,0.00000,
24.44,1,-0.10601,2.49391,3.13867,0.42592,0.00348,0.08574,0.01982
24.44,2,1.04332,2.48026,3.12624,0.67391,0.04227,0.14940,0.01481
24.46,0,-1.20165,2.49790,3.14096,0.49546,0.00000,0.00000,
24.46,1,-0.11460,2.49397,3.13816,0.37588,-0.02881,0.08706,0.02973
24.46,2,1.03105,2.48040,3.12740,0.60504,0.05918,0.14573,0.02340
24.48,0,-1.21156,2.49790,3.14096,0.49546,0.00000,0.00000,
24.48,1,-0.12259,2.49399,3.13802,0.43476,0.01443,0.08897,0.03964
24.48,2,1.01949,2.48054,3.12865,0.53925,0.06806,0.14216,0.03140
24.5,0,-1.22147,2.49791,3.14096,0.49546,0.00000,0.00000,
24.5,1,-0.13122,2.49400,3.13824,0.39522,0.00573,0.09025,0.04955
24.5,2,1.00846,2.48069,3.12934,0.50367,-0.00076,0.13976,0.04003
24.52,0,-1.23138,2.49792,3.14096,0.49546,0.00000,0.00000,
24.52,1,-0.14094,2.49402,3.13822,0.65148,-0.00278,0.09044,0.00991
24.52,2,0.99826,2.48084,3.12912,0.54005,-0.00924,0.13928,0.04975
24.54,0,-1.24129,2.49792,3.14096,0.49546,0.00000,0.00000,
24.54,1,-0.15409,2.49405,3.13822,0.65018,-0.00001,0.08720,0.01982
24.54,2,0.98890,2.48098,3.12913,0.33020,0.00925,0.14306,0.01858
24.56,0,-1.25119,2.49793,3.14096,0.49546,0.00000,0.00000,
24.56,1,-0.16659,2.49407,3.13823,0.59327,0.00103,0.08461,0.02973
24.56,2,0.98209,2.48112,3.12930,0.37187,0.00612,0.14875,0.03108
24.58,0,-1.26110,2.49794,3.14096,0.49546,0.00000,0.00000,
24.58,1,-0.17697,2.49411,3.13818,0.38149,-0.00641,0.08414,0.03964
24.58,2,0.97324,2.48124,3.12934,0.49088,0.00015,0.15028,0.04146
24.6,0,-1.27072,2.49794,3.14095,0.46024,-0.00015,0.00000,
24.6,1,-0.18469,2.49414,3.13809,0.39062,-0.00360,0.08604,0.04925
24.6,2,0.96312,2.48136,3.12935,0.50246,0.00065,0.14788,0.04918
24.62,0,-1.28005,2.49795,3.14095,0.47118,0.00005,0.00000,
24.62,1,-0.19350,2.49418,3.13808,0.51956,0.00176,0.08656,0.00933
24.62,2,0.95353,2.48148,3.12937,0.46082,0.00183,0.14710,0.00482
24.64,0,-1.28953,2.49795,3.14095,0.47459,0.00004,0.00000,
24.64,1,-0.20353,2.49422,3.13814,0.52914,0.00135,0.08600,0.01881
24.64,2,0.94326,2.48161,3.12955,0.54111,0.00861,0.14686,0.01485
24.66,0,-1.29879,2.49796,3.14096,0.48076,0.00001,0.00000,
24.66,1,-0.21399,2.49426,3.13813,0.50382,-0.00113,0.08480,0.02807
24.66,2,0.93249,2.48174,3.12962,0.51968,0.00049,0.14655,0.02531
24.68,0,-1.30886,2.49797,3.14095,0.51345,-0.00006,0.00000,
24.68,1,-0.22348,2.49429,3.13812,0.45498,-0.00031,0.08538,0.03813
24.68,2,0.92273,2.48186,3.12962,0.46730,0.00053,0.14627,0.03480
24.7,0,-1.31906,2.49797,3.14095,0.50457,-0.00000,0.00000,
24.7,1,-0.23128,2.49432,3.13809,0.36037,-0.00152,0.08779,0.04834
24.7,2,0.91357,2.48197,3.12965,0.45610,0.00216,0.14491,0.04260
24.72,0,-1.32900,2.49798,3.14095,0.49250,0.00002,0.00000,
24.72,1,-0.23896,2.49435,3.13809,0.39996,0.00089,0.09005,0.00994
24.72,2,0.90598,2.48207,3.12957,0.38901,0.00016,0.14500,0.05028
24.74,0,-1.33883,2.49799,3.14095,0.49175,0.00000,0.00000,
24.74,1,-0.24625,2.49438,3.13817,0.32980,0.00495,0.09259,0.01977
24.74,2,0.89744,2.48218,3.12967,0.51219,0.00844,0.14375,0.01123
24.76,0,-1.34870,2.49799,3.14095,0.49508,-0.00000,0.00000,
24.76,1,-0.25336,2.49440,3.13824,0.36627,0.00309,0.09535,0.02964
24.76,2,0.88739,2.48230,3.12997,0.49437,0.01680,0.14082,0.01834
24.78,0,-1.35862,2.49800,3.14095,0.49621,0.00000,0.00000,
24.78,1,-0.26269,2.49443,3.13827,0.52419,0.00032,0.09593,0.03956
24.78,2,0.87759,2.48242,3.13024,0.48061,0.00667,0.14035,0.02768
24.8,0,-1.36854,2.49800,3.14095,0.49556,0.00000,0.00000,
24.8,1,-0.27306,2.49447,3.13826,0.50326,-0.00024,0.09549,0.04948
24.8,2,0.86831,2.48252,3.13024,0.45260,-0.00227,0.14143,0.03804
24.82,0,-1.37844,2.49801,3.14095,0.49504,0.00000,0.00000,
24.82,1,-0.28314,2.49450,3.13825,0.49882,-0.00047,0.09531,0.00990
24.82,2,0.86097,2.48262,3.13010,0.37212,-0.00190,0.14417,0.04812
24.84,0,-1.38835,2.49802,3.14095,0.49509,0.00000,0.00000,
24.84,1,-0.29666,2.49454,3.13829,0.71726,0.00231,0.09169,0.01981
24.84,2,0.85111,2.48271,3.13029,0.57711,0.01801,0.14784,0.01855
24.86,0,-1.39825,2.49802,3.14095,0.49526,0.00000,0.00000,
24.86,1,-0.30906,2.49458,3.13833,0.55678,0.00092,0.08919,0.02971
24.86,2,0.84177,2.48282,3.13085,0.43597,0.01615,0.15089,0.03094
24.88,0,-1.40815,2.49803,3.14095,0.49529,0.00000,0.00000,
24.88,1,-0.31928,2.49461,3.13833,0.48778,-0.00057,0.08888,0.03961
24.88,2,0.83235,2.48295,3.13031,0.45154,-0.04209,0.15170,0.04117
24.9,0,-1.41806,2.49804,3.14095,0.49525,0.00000,0.00000,
24.9,1,-0.32625,2.49464,3.13824,0.32213,-0.00507,0.09182,0.04952
24.9,2,0.82297,2.48304,3.13050,0.49426,0.10467,0.14927,0.04813
24.92,0,-1.42796,2.49804,3.14095,0.49523,0.00000,0.00000,
24.92,1,-0.33295,2.49467,3.13817,0.36096,-0.00162,0.09502,0.05942
24.92,2,0.81320,2.48314,3.13275,0.44855,0.07897,0.14620,0.00346
24.94,0,-1.43787,2.49805,3.14095,0.49524,0.00000,0.00000,
24.94,1,-0.34363,2.49471,3.13822,0.54510,0.00627,0.09424,0.01981
24.94,2,0.80544,2.48325,3.13379,0.38348,0.04629,0.14913,0.01415
24.96,0,-1.44777,2.49806,3.14095,0.49524,0.00000,0.00000,
24.96,1,-0.35454,2.49474,3.13835,0.54510,0.00625,0.09324,0.02971
24.96,2,0.79854,2.48341,3.13429,0.26956,0.01236,0.15313,0.02505
24.98,0,-1.45768,2.49806,3.14095,0.49524,0.00000,0.00000,
24.98,1,-0.36510,2.49477,3.13848,0.49108,0.00612,0.09258,0.03962
24.98,2,0.79215,2.48347,3.13445,0.35381,0.00407,0.15730,0.03562
25.0,0,-1.46758,2.49807,3.14096,0.49524,0.00000,0.00000,
25.0,1,-0.37444,2.49480,3.13848,0.37118,-0.00496,0.09315,0.04952
25.0,2,0.78556,2.48349,3.13444,0.35383,-0.00365,0.16005,0.04496
25.02,0,-1.47749,2.49807,3.14096,0.49524,0.00000,0.00000,
25.02,1,-0.38244,2.49482,3.13843,0.41948,-0.00048,0.09506,0.05943
25.02,2,0.77713,2.48351,3.13712,0.45436,0.28190,0.15962,0.00412
25.04,0,-1.48739,2.49808,3.14096,0.49524,0.00000,0.00000,
25.04,1,-0.39253,2.49485,3.13850,0.50166,0.00500,0.09487,0.01981
25.04,2,0.76824,2.48356,-3.14045,0.44759,0.16080,0.16082,0.01421
25.06,0,-1.49730,2.49809,3.14096,0.49524,0.00000,0.00000,
25.06,1,-0.40245,2.49488,3.13860,0.46566,0.00578,0.09486,0.02971
25.06,2,0.75923,2.48354,-3.14058,0.44990,-0.09409,0.16173,0.02413
25.08,0,-1.50720,2.49809,3.14096,0.49524,0.00000,0.00000,
25.08,1,-0.41221,2.49491,3.13866,0.52487,-0.00012,0.09500,0.03962
25.08,2,0.74959,2.48352,3.14087,0.49769,-0.05808,0.16186,0.03390
25.1,0,-1.51711,2.49810,3.14096,0.49524,0.00000,0.00000,
25.1,1,-0.42128,2.49494,3.13860,0.44545,-0.00198,0.09583,0.04952
25.1,2,0.73974,2.48352,3.14042,0.48222,-0.00401,0.16108,0.04297
25.12,0,-1.52701,2.49811,3.14096,0.49524,0.00000,0.00000,
25.12,1,-0.43029,2.49497,3.13860,0.44889,0.00093,0.09673,0.05943
25.12,2,0.73039,2.48353,3.14033,0.45735,-0.01009,0.16074,0.05197
25.14,0,-1.53692,2.49811,3.14096,0.49524,0.00000,0.00000,
25.14,1,-0.44121,2.49499,3.13865,0.60766,0.00461,0.09572,0.01981
25.14,2,0.72132,2.48354,3.13997,0.41165,-0.02285,0.16258,0.01543
25.16,0,-1.54682,2.49812,3.14096,0.49524,0.00000,0.00000,
25.16,1,-0.45303,2.49502,3.13875,0.56093,0.00587,0.09380,0.02971
25.16,2,0.71352,2.48355,3.13951,0.36310,-0.02298,0.16660,0.02725
25.18,0,-1.55673,2.49812,3.14096,0.49524,0.00000,0.00000,
25.18,1,-0.46406,2.49505,3.13883,0.53573,0.00105,0.09267,0.03962
25.18,2,0.70616,2.48357,3.13910,0.42120,-0.01697,0.17028,0.03828
25.2,0,-1.56663,2.49813,3.14096,0.49524,0.00000,0.00000,
25.2,1,-0.47359,2.49508,3.13880,0.36554,-0.00486,0.09304,0.04952
25.2,2,0.69785,2.48360,3.13882,0.42349,-0.01329,0.17150,0.04781
25.22,0,-1.57654,2.49814,3.14096,0.49524,0.00000,0.00000,
25.22,1,-0.48195,2.49510,3.13876,0.52712,0.00052,0.09459,0.00990
25.22,2,0.68928,2.48362,3.13857,0.44398,-0.01196,0.17129,0.05617
25.24,0,-1.58644,2.49814,3.14096,0.49524,0.00000,0.00000,
25.24,1,-0.49188,2.49512,3.13878,0.44439,0.00213,0.09457,0.01981
25.24,2,0.67980,2.48365,3.13832,0.48293,-0.01033,0.17173,0.01453
25.26,0,-1.59635,2.49815,3.14096,0.49524,0.00000,0.00000,
25.26,1,-0.50188,2.49515,3.13880,0.55350,-0.00053,0.09447,0.02971
25.26,2,0.67023,2.48368,3.13813,0.47630,-0.01048,0.17217,0.02454
25.28,0,-1.60625,2.49816,3.14096,0.49524,0.00000,0.00000,
25.28,1,-0.51242,2.49518,3.13876,0.47678,-0.00206,0.09384,0.03962
25.28,2,0.66096,2.48372,3.13787,0.43760,-0.01515,0.17343,0.03507
25.3,0,-1.61616,2.49816,3.14096,0.49524,0.00000,0.00000,
25.3,1,-0.52175,2.49521,3.13876,0.45925,0.00071,0.09441,0.04952
25.3,2,0.65211,2.48375,3.13758,0.44574,-0.01347,0.17392,0.04441
25.32,0,-1.62606,2.49817,3.14096,0.49524,0.00000,0.00000,
25.32,1,-0.53096,2.49524,3.13877,0.51806,0.00113,0.09511,0.00990
25.32,2,0.64289,2.48379,3.13734,0.51397,-0.01046,0.17391,0.00465
25.34,0,-1.63597,2.49818,3.14096,0.49524,0.00000,0.00000,
25.34,1,-0.54458,2.49526,3.13883,0.68148,0.00390,0.09139,0.01981
25.34,2,0.63342,2.48382,3.13717,0.46405,-0.00842,0.17805,0.01827
25.36,0,-1.64587,2.49818,3.14096,0.49524,0.00000,0.00000,
25.36,1,-0.55633,2.49529,3.13899,0.56868,0.00783,0.08954,0.02971
25.36,2,0.62405,2.48386,3.13698,0.46380,-0.01018,0.18044,0.03002
25.38,0,-1.65578,2.49819,3.14096,0.49524,0.00000,0.00000,
25.38,1,-0.56577,2.49532,3.13902,0.33507,-0.00395,0.09001,0.03962
25.38,2,0.61353,2.48391,3.13675,0.56072,-0.01152,0.17935,0.03946
25.4,0,-1.66568,2.49819,3.14096,0.49524,0.00000,0.00000,
25.4,1,-0.57247,2.49535,3.13894,0.33507,-0.00395,0.09322,0.04952
25.4,2,0.60232,2.48397,3.13653,0.54794,-0.01055,0.17485,0.04616
25.42,0,-1.67559,2.49820,3.14096,0.49524,0.00000,0.00000,
25.42,1,-0.57962,2.49542,3.13844,0.38522,-0.02364,0.09597,0.05943
25.42,2,0.59183,2.48402,3.13633,0.50808,-0.00994,0.17151,0.05331
25.44,0,-1.68549,2.49821,3.14096,0.49524,0.00000,0.00000,
25.44,1,-0.58962,2.49543,3.13961,0.62204,0.21716,0.09587,0.01981
25.44,2,0.58339,2.48407,3.13617,0.30881,-0.00514,0.17306,0.01372
25.46,0,-1.69540,2.49821,3.14096,0.49524,0.00000,0.00000,
25.46,1,-0.60148,2.49544,-3.13918,0.55112,0.22214,0.09392,0.02971
25.46,2,0.57990,2.48411,3.13594,0.10668,-0.01534,0.18143,0.02558
25.48,0,-1.70530,2.49822,3.14096,0.49524,0.00000,0.00000,
25.48,1,-0.61248,2.49578,-3.13487,0.54818,0.22884,0.09282,0.03962
25.48,2,0.57798,2.48416,3.13562,0.09067,-0.01585,0.19051,0.03658
25.5,0,-1.71520,2.49823,3.14096,0.49524,0.00000,0.00000,
25.5,1,-0.62309,2.49597,-3.13243,0.51044,0.00600,0.09212,0.04952
25.5,2,0.57452,2.48420,3.13539,0.25414,-0.00663,0.19767,0.04719
25.52,0,-1.72511,2.49823,3.14096,0.49524,0.00000,0.00000,
25.52,1,-0.63222,2.49588,-3.12975,0.55270,0.58906,0.09289,0.00990
25.52,2,0.56896,2.48424,3.13536,0.28628,-0.00039,0.20123,0.00510
25.54,0,-1.73501,2.49824,3.14096,0.49524,0.00000,0.00000,
25.54,1,-0.64246,2.49573,-3.11901,0.48312,0.24937,0.09256,0.01981
25.54,2,0.56323,2.48428,3.13535,0.28628,-0.00044,0.20575,0.01534
25.56,0,-1.74492,2.49824,3.14096,0.49524,0.00000,0.00000,
25.56,1,-0.65251,2.49568,-3.11913,0.50615,-0.05168,0.09241,0.02971
25.56,2,0.55740,2.48432,3.13516,0.46662,-0.02879,0.20997,0.02539
25.58,0,-1.75482,2.49825,3.14096,0.49524,0.00000,0.00000,
25.58,1,-0.66254,2.49567,-3.11990,0.49465,-0.04107,0.09229,0.03962
25.58,2,0.54617,2.48435,3.13559,0.56814,0.08502,0.20876,0.03542
25.6,0,-1.76473,2.49826,3.14096,0.49524,0.00000,0.00000,
25.6,1,-0.67224,2.49540,-3.12097,0.47900,-0.06409,0.09249,0.04952
25.6,2,0.53485,2.48438,3.13729,0.54431,0.08310,0.20715,0.04513
25.62,0,-1.77463,2.49826,3.14096,0.49524,0.00000,0.00000,
25.62,1,-0.68426,2.49512,-3.12127,0.69463,0.10426,0.09038,0.00990
25.62,2,0.52424,2.48446,3.13800,0.53801,-0.00482,0.20855,0.05714
25.64,0,-1.78454,2.49827,3.14096,0.49524,0.00000,0.00000,
25.64,1,-0.69696,2.49486,-3.11970,0.59342,0.02841,0.08758,0.01981
25.64,2,0.51413,2.48452,3.13758,0.53200,-0.01789,0.21114,0.01952
25.66,0,-1.79444,2.49828,3.14096,0.49524,0.00000,0.00000,
25.66,1,-0.70864,2.49490,-3.11841,0.56592,0.07123,0.08581,0.02971
25.66,2,0.50366,2.48458,3.13721,0.47687,-0.01646,0.21234,0.03120
25.68,0,-1.80435,2.49828,3.14096,0.49524,0.00000,0.00000,
25.68,1,-0.71756,2.49470,-3.11753,0.39518,0.04228,0.08679,0.03962
25.68,2,0.49520,2.48458,3.13752,0.43288,0.13247,0.21281,0.04012
25.7,0,-1.81425,2.49829,3.14096,0.49524,0.00000,0.00000,
25.7,1,-0.72570,2.49437,-3.11693,0.41966,-0.01277,0.08856,0.04952
25.7,2,0.48392,2.48455,3.14120,0.68454,0.13617,0.20965,0.04826
25.72,0,-1.82416,2.49830,3.14096,0.49524,0.00000,0.00000,
25.72,1,-0.73409,2.49414,-3.11819,0.39125,-0.09445,0.09008,0.00990
25.72,2,0.46889,2.48459,-3.14140,0.75155,-0.03342,0.20302,0.05665
25.74,0,-1.83406,2.49830,3.14096,0.49524,0.00000,0.00000,
25.74,1,-0.74592,2.49394,-3.12247,0.61516,-0.28919,0.08815,0.01981
25.74,2,0.45361,2.48462,3.14135,0.80325,0.00029,0.19956,0.01596
25.76,0,-1.84397,2.49831,3.14096,0.49524,0.00000,0.00000,
25.76,1,-0.75751,2.49364,-3.12817,0.56863,-0.27330,0.08646,0.02971
25.76,2,0.43768,2.48468,-3.14145,0.76902,0.06533,0.19522,0.02756
25.78,0,-1.85387,2.49831,3.14096,0.49524,0.00000,0.00000,
25.78,1,-0.76851,2.49328,-3.13203,0.52593,-0.08222,0.08538,0.03962
25.78,2,0.42449,2.48470,-3.14041,0.53468,0.01831,0.19303,0.03856
25.8,0,-1.86378,2.49832,3.14096,0.49524,0.00000,0.00000,
25.8,1,-0.77730,2.49320,-3.13219,0.36499,0.00819,0.08649,0.04952
25.8,2,0.41596,2.48467,-3.14020,0.41962,0.02017,0.19330,0.04736
25.82,0,-1.87368,2.49833,3.14096,0.49524,0.00000,0.00000,
25.82,1,-0.78629,2.49319,-3.13493,0.54109,-0.37346,0.08741,0.00990
25.82,2,0.40708,2.48467,-3.14046,0.50266,-0.02220,0.19340,0.00520
25.84,0,-1.88359,2.49833,3.14096,0.49524,0.00000,0.00000,
25.84,1,-0.79596,2.49303,-3.14117,0.44059,-0.08965,0.08764,0.01981
25.84,2,0.39598,2.48466,-3.14072,0.51942,-0.01065,0.19197,0.01487
25.86,0,-1.89349,2.49834,3.14096,0.49524,0.00000,0.00000,
25.86,1,-0.80509,2.49299,3.14116,0.47371,-0.05473,0.08842,0.02971
25.86,2,0.38519,2.48464,-3.14099,0.54245,-0.01615,0.19031,0.02400
25.88,0,-1.90340,2.49835,3.14096,0.49524,0.00000,0.00000,
25.88,1,-0.81379,2.49305,3.14045,0.41655,-0.01688,0.08962,0.03962
25.88,2,0.37467,2.48463,-3.14134,0.51057,-0.01786,0.18849,0.03270
25.9,0,-1.91330,2.49835,3.14096,0.49524,0.00000,0.00000,
25.9,1,-0.82254,2.49309,3.14041,0.44657,0.00314,0.09078,0.04952
25.9,2,0.36473,2.48463,3.14151,0.48942,-0.01569,0.18730,0.04145
25.92,0,-1.92321,2.49836,3.14096,0.49524,0.00000,0.00000,
25.92,1,-0.83116,2.49312,3.14041,0.46901,-0.00422,0.09206,0.00990
25.92,2,0.35607,2.48463,3.14120,0.51398,-0.01502,0.18726,0.00417
25.94,0,-1.93311,2.49836,3.14096,0.49524,0.00000,0.00000,
25.94,1,-0.84317,2.49314,3.14032,0.56688,-0.00411,0.08996,0.01981
25.94,2,0.34730,2.48466,3.14073,0.44149,-0.04150,0.19049,0.01618
25.96,0,-1.94302,2.49837,3.14096,0.49524,0.00000,0.00000,
25.96,1,-0.85447,2.49312,3.14015,0.55913,-0.01844,0.08855,0.02971
25.96,2,0.33778,2.48466,3.13997,0.48236,-0.02607,0.19229,0.02749
25.98,0,-1.95292,2.49838,3.14096,0.49524,0.00000,0.00000,
25.98,1,-0.86469,2.49313,3.13978,0.40371,-0.01629,0.08825,0.03962
25.98,2,0.32762,2.48466,3.13969,0.55204,-0.00667,0.19234,0.03770
26.0,0,-1.96283,2.49838,3.14096,0.49524,0.00000,0.00000,
26.0,1,-0.87248,2.49316,3.13958,0.40732,-0.00517,0.09036,0.04952
26.0,2,0.31635,2.48468,3.13956,0.55706,-0.00825,0.18886,0.04549
26.02,0,-1.97273,2.49839,3.14096,0.49524,0.00000,0.00000,
26.02,1,-0.88112,2.49320,3.13953,0.48725,-0.00146,0.09163,0.00990
26.02,2,0.30569,2.48470,3.13935,0.51450,-0.01187,0.18684,0.05413
26.04,0,-1.98263,2.49840,3.14096,0.49524,0.00000,0.00000,
26.04,1,-0.89139,2.49320,3.13394,0.51432,-0.26384,0.09125,0.01981
26.04,2,0.29360,2.48472,3.13916,0.65232,-0.00766,0.18502,0.01473
26.06,0,-1.99254,2.49840,3.14096,0.49524,0.00000,0.00000,
26.06,1,-0.90108,2.49296,3.13224,0.49559,0.09068,0.09147,0.02971
26.06,2,0.28042,2.48475,3.13898,0.63091,-0.00981,0.18153,0.02443
26.08,0,-2.00244,2.49841,3.14096,0.49524,0.00000,0.00000,
26.08,1,-0.91126,2.49299,3.13466,0.47646,0.09564,0.09120,0.03962
26.08,2,0.26892,2.48478,3.13877,0.53616,-0.01021,0.18021,0.03460
26.1,0,-2.01235,2.49841,3.14096,0.49524,0.00000,0.00000,
26.1,1,-0.92015,2.49310,3.13538,0.44906,-0.00358,0.09221,0.04952
26.1,2,0.26032,2.48481,3.13853,0.35012,-0.01386,0.18050,0.04349
26.12,0,-2.02225,2.49842,3.14096,0.49524,0.00000,0.00000,
26.12,1,-0.92916,2.49319,3.13507,0.44941,-0.01372,0.09311,0.05943
26.12,2,0.25309,2.48484,3.13826,0.44576,-0.01258,0.18228,0.00450
26.14,0,-2.03173,2.49843,3.14095,0.46225,-0.00010,0.00000,
26.14,1,-0.94119,2.49327,3.13530,0.67028,0.06830,0.09055,0.01938
26.14,2,0.24632,2.48487,3.13798,0.30112,-0.01139,0.18754,0.01654
26.16,0,-2.04110,2.49843,3.14095,0.47245,0.00006,0.00000,
26.16,1,-0.95324,2.49334,3.13674,0.59619,0.07335,0.08787,0.02875
26.16,2,0.23820,2.48490,3.13780,0.49984,-0.00750,0.19147,0.02859
26.18,0,-2.05058,2.49844,3.14095,0.47411,0.00003,0.00000,
26.18,1,-0.96484,2.49351,3.13851,0.55215,0.07081,0.08575,0.03823
26.18,2,0.22792,2.48494,3.13769,0.53395,-0.00536,0.19279,0.04019
26.2,0,-2.05990,2.49845,3.14096,0.49157,-0.00003,0.00000,
26.2,1,-0.97350,2.49357,3.13910,0.38707,0.00942,0.08641,0.04755
26.2,2,0.21723,2.48498,3.13758,0.53338,-0.00623,0.19077,0.04885
26.22,0,-2.07006,2.49845,3.14095,0.51367,-0.00005,0.00000,
26.22,1,-0.98356,2.49358,3.14086,0.57680,0.21051,0.08652,0.01016
26.22,2,0.20665,2.48502,3.13745,0.52482,-0.00668,0.19024,0.05890
26.24,0,-2.08022,2.49846,3.14095,0.50131,0.00001,0.00000,
26.24,1,-0.99335,2.49362,3.14117,0.48426,-0.22777,0.08688,0.02032
26.24,2,0.19505,2.48507,3.13734,0.57252,-0.00450,0.18842,0.01553
26.26,0,-2.09006,2.49846,3.14096,0.50210,0.00000,0.00000,
26.26,1,-1.00330,2.49380,3.13572,0.50658,-0.18155,0.08678,0.03017
26.26,2,0.18358,2.48511,3.13724,0.57792,-0.00618,0.18691,0.02548
26.28,0,-2.10025,2.49847,3.14096,0.51267,-0.00002,0.00000,
26.28,1,-1.01184,2.49381,3.13477,0.42052,0.03422,0.08843,0.04036
26.28,2,0.17197,2.48516,3.13711,0.56233,-0.00580,0.18384,0.03402
26.3,0,-2.11048,2.49848,3.14096,0.50945,0.00000,0.00000,
26.3,1,-1.02053,2.49381,3.13579,0.44044,0.04083,0.08996,0.05058
26.3,2,0.16039,2.48522,3.13699,0.58888,-0.00605,0.18095,0.04271
26.32,0,-2.12062,2.49848,3.14096,0.50545,0.00001,0.00000,
26.32,1,-1.02875,2.49383,3.13621,0.33304,0.01762,0.09188,0.01014
26.32,2,0.14864,2.48527,3.13687,0.58184,-0.00574,0.17742,0.05093
26.34,0,-2.13049,2.49849,3.14095,0.46731,-0.00019,0.00000,
26.34,1,-1.03538,2.49388,3.13639,0.32239,-0.02199,0.09513,0.02001
26.34,2,0.13393,2.48533,3.13680,0.80158,-0.00070,0.16934,0.01029
26.36,0,-2.13998,2.49850,3.14095,0.47992,0.00004,0.00000,
26.36,1,-1.04351,2.49395,3.13568,0.48424,-0.02665,0.09648,0.02949
26.36,2,0.11869,2.48538,3.13684,0.71694,0.01407,0.16223,0.01842
26.38,0,-2.14965,2.49850,3.14095,0.48500,0.00005,0.00000,
26.38,1,-1.05371,2.49400,3.13558,0.53763,0.00696,0.09594,0.03917
26.38,2,0.10463,2.48543,3.13732,0.67734,0.01713,0.15838,0.02863
26.4,0,-2.15933,2.49851,3.14095,0.48249,-0.00000,0.00000,
26.4,1,-1.06445,2.49405,3.13577,0.52244,0.00864,0.09489,0.04884
26.4,2,0.09451,2.48549,3.13746,0.48106,0.00553,0.15899,0.03936
26.42,0,-2.16895,2.49852,3.14095,0.48016,-0.00001,0.00000,
26.42,1,-1.07529,2.49411,3.13589,0.61357,0.00507,0.09367,0.00962
26.42,2,0.08480,2.48555,3.13754,0.49655,0.00001,0.16012,0.00576
26.44,0,-2.17845,2.49852,3.14096,0.48615,0.00001,0.00000,
26.44,1,-1.08758,2.49418,3.13597,0.57825,0.00339,0.09088,0.01912
26.44,2,0.07253,2.48561,3.13744,0.60111,-0.00595,0.16015,0.01806
26.46,0,-2.18841,2.49853,3.14095,0.50281,-0.00002,0.00000,
26.46,1,-1.09782,2.49424,3.13603,0.46799,0.00306,0.09059,0.02908
26.46,2,0.06010,2.48567,3.13729,0.63365,-0.00814,0.15796,0.02830
26.48,0,-2.19833,2.49853,3.14096,0.50362,0.00000,0.00000,
26.48,1,-1.10686,2.49429,3.13609,0.45159,0.00318,0.09148,0.03900
26.48,2,0.04786,2.48573,3.13714,0.58940,-0.00687,0.15475,0.03734
26.5,0,-2.20854,2.49854,3.14095,0.51308,-0.00002,0.00000,
26.5,1,-1.11527,2.49434,3.13612,0.41339,0.00171,0.09328,0.04922
26.5,2,0.03776,2.48578,3.13696,0.49631,-0.00695,0.15306,0.04575
26.52,0,-2.21876,2.49855,3.14095,0.50769,0.00000,0.00000,
26.52,1,-1.12409,2.49439,3.13620,0.45654,0.00702,0.09468,0.01021
26.52,2,0.02766,2.48582,3.13686,0.50013,-0.00407,0.15178,0.00457
26.54,0,-2.22885,2.49855,3.14095,0.50340,0.00001,0.00000,
26.54,1,-1.13136,2.49444,3.13641,0.35936,0.01094,0.09750,0.02031
26.54,2,0.01798,2.48587,3.13678,0.47952,-0.00436,0.14937,0.01184
26.56,0,-2.23892,2.49856,3.14095,0.50378,0.00000,0.00000,
26.56,1,-1.13933,2.49448,3.13655,0.44204,0.00324,0.09960,0.03038
26.56,2,0.00830,2.48592,3.13668,0.48780,-0.00573,0.14766,0.01981
26.58,0,-2.24886,2.49857,3.14095,0.46656,-0.00021,0.00000,
26.58,1,-1.14861,2.49453,3.13658,0.45743,0.00217,0.10025,0.04031
26.58,2,-0.00147,2.48597,3.13656,0.48666,-0.00556,0.14718,0.02909
26.6,0,-2.25831,2.49857,3.14095,0.47805,0.00003,0.00000,
26.6,1,-1.15867,2.49458,3.13662,0.52392,0.00169,0.09965,0.04977
26.6,2,-0.01109,2.48601,3.13646,0.47574,-0.00507,0.14762,0.03916
26.62,0,-2.26795,2.49858,3.14095,0.48340,0.00006,0.00000,
26.62,1,-1.16898,2.49463,3.13666,0.50030,0.00259,0.09898,0.05940
26.62,2,-0.02049,2.48606,3.13636,0.46617,-0.00488,0.14852,0.04946
26.64,0,-2.27760,2.49859,3.14095,0.48129,-0.00000,0.00000,
26.64,1,-1.18004,2.49468,3.13674,0.59473,0.00495,0.09757,0.01929
26.64,2,-0.03065,2.48611,3.13636,0.51253,0.00387,0.14942,0.01614
26.66,0,-2.28716,2.49859,3.14095,0.46052,0.00008,0.00000,
26.66,1,-1.19104,2.49474,3.13684,0.52206,0.00354,0.09612,0.02885
26.66,2,-0.04092,2.48617,3.13637,0.48539,-0.00160,0.15015,0.02715
26.68,0,-2.29669,2.49860,3.14096,0.50281,-0.00002,0.00000,
26.68,1,-1.20112,2.49479,3.13688,0.49135,0.00154,0.09558,0.03838
26.68,2,-0.05132,2.48622,3.13629,0.57087,-0.00602,0.14984,0.03723
26.7,0,-2.30703,2.49860,3.14095,0.52054,-0.00004,0.00000,
26.7,1,-1.20889,2.49483,3.13685,0.36447,-0.00161,0.09814,0.04872
26.7,2,-0.06314,2.48629,3.13617,0.59040,-0.00553,0.14578,0.04500
26.72,0,-2.31731,2.49861,3.14095,0.50750,0.00001,0.00000,
26.72,1,-1.21666,2.49487,3.13685,0.39434,0.00426,0.10065,0.01028
26.72,2,-0.07449,2.48635,3.13608,0.54710,-0.00419,0.14221,0.00408
26.74,0,-2.32734,2.49862,3.14095,0.49867,0.00001,0.00000,
26.74,1,-1.22324,2.49491,3.13700,0.32118,0.00748,0.10411,0.02031
26.74,2,-0.08311,2.48641,3.13608,0.37192,-0.00047,0.14016,0.01066
26.76,0,-2.33732,2.49862,3.14095,0.50003,0.00000,0.00000,
26.76,1,-1.23103,2.49494,3.13711,0.44888,0.00423,0.10630,0.03029
26.76,2,-0.08839,2.48646,3.13596,0.24150,-0.00743,0.14267,0.01845
26.78,0,-2.34736,2.49863,3.14095,0.50299,0.00000,0.00000,
26.78,1,-1.24122,2.49499,3.13716,0.52494,0.00239,0.10614,0.04033
26.78,2,-0.09270,2.48653,3.13566,0.15325,-0.05174,0.14855,0.02864
26.8,0,-2.35742,2.49864,3.14095,0.50341,0.00000,0.00000,
26.8,1,-1.25217,2.49504,3.13719,0.54917,0.00123,0.10526,0.05040
26.8,2,-0.09671,2.48659,3.13428,0.22902,-0.04980,0.15549,0.03960
26.82,0,-2.36680,2.49864,3.14095,0.47338,-0.00000,0.00000,
26.82,1,-1.26274,2.49509,3.13723,0.50897,0.00191,0.10407,0.05977
26.82,2,-0.10198,2.48663,3.13381,0.26991,-0.01717,0.16079,0.05016
26.84,0,-2.37636,2.49865,3.14095,0.48055,0.00006,0.00000,
26.84,1,-1.27464,2.49513,3.13730,0.69395,0.00496,0.10172,0.01893
26.84,2,-0.10730,2.48667,3.13425,0.23229,0.37556,0.16737,0.01708
26.86,0,-2.38597,2.49865,3.14095,0.47966,0.00001,0.00000,
26.86,1,-1.28762,2.49519,3.13740,0.60528,0.00377,0.09835,0.02854
26.86,2,-0.11706,2.48681,-3.12147,0.54642,1.84261,0.17059,0.03006
26.88,0,-2.39542,2.49866,3.14095,0.47297,0.00003,0.00000,
26.88,1,-1.29877,2.49524,3.13743,0.52352,0.00117,0.09665,0.03799
26.88,2,-0.12783,2.48693,-3.08521,0.56012,1.53125,0.17096,0.04120
26.9,0,-2.40509,2.49867,3.14096,0.48563,0.00004,0.00000,
26.9,1,-1.30684,2.49528,3.13738,0.37110,-0.00367,0.09826,0.04767
26.9,2,-0.13997,2.48679,-3.07043,0.61608,0.05186,0.16690,0.04928
26.92,0,-2.41519,2.49867,3.14096,0.51440,-0.00003,0.00000,
26.92,1,-1.31570,2.49532,3.13735,0.57324,0.00141,0.09949,0.01009
26.92,2,-0.15220,2.48598,-3.07796,0.59981,-0.50491,0.16354,0.00510
26.94,0,-2.42546,2.49868,3.14095,0.51030,-0.00001,0.00000,
26.94,1,-1.32692,2.49537,3.13745,0.52270,0.00614,0.09854,0.02037
26.94,2,-0.16140,2.48509,-3.09142,0.41910,-0.83933,0.16557,0.01632
26.96,0,-2.43555,2.49869,3.14095,0.50071,0.00001,0.00000,
26.96,1,-1.33736,2.49542,3.13755,0.51955,0.00395,0.09820,0.03046
26.96,2,-0.16682,2.48421,-3.10695,0.22604,-0.75618,0.17060,0.02676
26.98,0,-2.44554,2.49869,3.14095,0.49923,0.00001,0.00000,
26.98,1,-1.34661,2.49547,3.13756,0.37490,-0.00266,0.09893,0.04045
26.98,2,-0.17140,2.48361,-3.12283,0.23921,-0.88045,0.17527,0.03601
27.0,0,-2.45555,2.49870,3.14095,0.50163,0.00000,0.00000,
27.0,1,-1.35456,2.49550,3.13757,0.41711,0.00267,0.10099,0.05046
27.0,2,-0.17509,2.48383,3.13879,0.20006,-1.12157,0.17954,0.04396
27.02,0,-2.46560,2.49871,3.14096,0.50272,0.00000,0.00000,
27.02,1,-1.36264,2.49554,3.13768,0.33256,0.00834,0.10296,0.01005
27.02,2,-0.18013,2.48389,3.12808,0.31825,-0.13651,0.18257,0.00366
27.04,0,-2.47565,2.49871,3.14096,0.50232,0.00000,0.00000,
27.04,1,-1.36918,2.49557,3.13785,0.31215,0.00849,0.10647,0.02010
27.04,2,-0.18815,2.48385,3.13288,0.40443,0.27458,0.18108,0.01020
27.06,0,-2.48554,2.49872,3.14095,0.46382,-0.00021,0.00000,
27.06,1,-1.37731,2.49561,3.13793,0.48322,0.00126,0.10823,0.02999
27.06,2,-0.19669,2.48404,3.13308,0.45625,-0.31935,0.18068,0.01833
27.08,0,-2.49493,2.49872,3.14095,0.47493,0.00003,0.00000,
27.08,1,-1.38762,2.49564,3.13794,0.51622,0.00077,0.10731,0.03938
27.08,2,-0.20547,2.48480,3.12027,0.42995,-0.83397,0.18221,0.02865
27.1,0,-2.50451,2.49873,3.14095,0.48059,0.00006,0.00000,
27.1,1,-1.39814,2.49568,3.13796,0.52236,0.00132,0.10637,0.04896
27.1,2,-0.21488,2.48502,3.11542,0.46068,0.09877,0.18332,0.03917
27.12,0,-2.51410,2.49874,3.14095,0.47869,0.00000,0.00000,
27.12,1,-1.40849,2.49572,3.13800,0.57184,0.00286,0.10562,0.00960
27.12,2,-0.22624,2.48515,3.11954,0.70737,0.35463,0.18230,0.00521
27.14,0,-2.52344,2.49874,3.14096,0.47854,0.00003,0.00000,
27.14,1,-1.42145,2.49576,3.13807,0.64474,0.00296,0.10199,0.01893
27.14,2,-0.23814,2.48530,3.12709,0.57414,0.38535,0.18336,0.01818
27.16,0,-2.53352,2.49875,3.14096,0.51703,-0.00005,0.00000,
27.16,1,-1.43265,2.49581,3.13812,0.52013,0.00190,0.10087,0.02901
27.16,2,-0.24983,2.48576,3.13217,0.59844,0.11198,0.18287,0.02938
27.18,0,-2.54384,2.49876,3.14095,0.51130,-0.00000,0.00000,
27.18,1,-1.44214,2.49584,3.13813,0.37868,-0.00231,0.10170,0.03933
27.18,2,-0.26120,2.48618,3.13195,0.48696,-0.04745,0.18098,0.03887
27.2,0,-2.55391,2.49876,3.14095,0.49842,0.00002,0.00000,
27.2,1,-1.44939,2.49587,3.13809,0.36991,-0.00126,0.10453,0.04940
27.2,2,-0.27123,2.48622,3.13146,0.49245,-0.00079,0.17820,0.04611
27.22,0,-2.56384,2.49877,3.14096,0.49651,0.00001,0.00000,
27.22,1,-1.45732,2.49590,3.13811,0.41775,0.00197,0.10652,0.05933
27.22,2,-0.28132,2.48622,3.13155,0.55631,0.00720,0.17604,0.05405
27.24,0,-2.57381,2.49878,3.14096,0.49975,0.00000,0.00000,
27.24,1,-1.46471,2.49594,3.13821,0.29648,0.00699,0.10910,0.01990
27.24,2,-0.29015,2.48627,3.13184,0.34632,0.05400,0.17459,0.01148
27.26,0,-2.58382,2.49878,3.14096,0.50120,0.00000,0.00000,
27.26,1,-1.47058,2.49597,3.13835,0.29369,0.00655,0.11325,0.02991
27.26,2,-0.29480,2.48642,3.13467,0.15979,0.16151,0.17582,0.01735
27.28,0,-2.59384,2.49879,3.14096,0.50066,0.00000,0.00000,
27.28,1,-1.47885,2.49599,3.13843,0.49832,0.00183,0.11499,0.03993
27.28,2,-0.29799,2.48659,3.13727,0.16877,0.03900,0.18090,0.02562
27.3,0,-2.60385,2.49879,3.14096,0.50008,0.00000,0.00000,
27.3,1,-1.48920,2.49602,3.13845,0.54373,0.00035,0.11465,0.04994
27.3,2,-0.30335,2.48668,3.13640,0.30836,-0.06069,0.18589,0.03597
27.32,0,-2.61385,2.49880,3.14096,0.50008,0.00000,0.00000,
27.32,1,-1.50212,2.49606,3.13849,0.70525,0.00443,0.11174,0.01000
27.32,2,-0.31031,2.48674,3.13779,0.35551,0.12022,0.19184,0.04889
27.34,0,-2.62335,2.49881,3.14095,0.46768,-0.00007,0.00000,
27.34,1,-1.51622,2.49609,3.13858,0.70525,0.00442,0.10713,0.01950
27.34,2,-0.31725,2.48680,-3.13609,0.40299,1.26680,0.19901,0.02118
27.36,0,-2.63283,2.49881,3.14095,0.47757,0.00007,0.00000,
27.36,1,-1.52933,2.49612,3.13866,0.61734,0.00194,0.10349,0.02898
27.36,2,-0.32586,2.48674,-3.11656,0.44018,-0.11778,0.20352,0.03430
27.38,0,-2.64240,2.49882,3.14095,0.47850,0.00002,0.00000,
27.38,1,-1.53852,2.49616,3.13861,0.41028,-0.00221,0.10389,0.03855
27.38,2,-0.33712,2.48668,-3.12950,0.62853,-0.56364,0.20144,0.04348
27.4,0,-2.65173,2.49883,3.14096,0.46434,0.00008,0.00000,
27.4,1,-1.54680,2.49619,3.13858,0.42415,-0.00042,0.10493,0.04788
27.4,2,-0.34997,2.48667,-3.13378,0.65784,-0.27884,0.19687,0.05177
27.42,0,-2.66162,2.49883,3.14096,0.51243,-0.00006,0.00000,
27.42,1,-1.55627,2.49622,3.13861,0.50012,0.00404,0.10536,0.00989
27.42,2,-0.36358,2.48675,-3.13986,0.74996,-0.19600,0.19273,0.06123
27.44,0,-2.67193,2.49884,3.14095,0.51282,-0.00001,0.00000,
27.44,1,-1.56681,2.49625,3.13869,0.54671,0.00289,0.10513,0.02021
27.44,2,-0.37973,2.48672,-3.14131,0.88910,0.02701,0.18712,0.01562
27.46,0,-2.68203,2.49884,3.14096,0.49883,0.00002,0.00000,
27.46,1,-1.57734,2.49629,3.13872,0.50536,0.00098,0.10470,0.03030
27.46,2,-0.39690,2.48679,-3.13865,0.76593,0.30265,0.18047,0.02615
27.48,0,-2.69194,2.49885,3.14096,0.49482,0.00001,0.00000,
27.48,1,-1.58681,2.49631,3.13873,0.40003,-0.00139,0.10513,0.04022
27.48,2,-0.41065,2.48680,-3.13456,0.54356,0.07552,0.17621,0.03562
27.5,0,-2.70187,2.49886,3.14096,0.49780,0.00000,0.00000,
27.5,1,-1.59454,2.49634,3.13872,0.40509,0.00102,0.10733,0.05014
27.5,2,-0.41899,2.48673,-3.13292,0.39940,0.08377,0.17558,0.04335
27.52,0,-2.71185,2.49886,3.14096,0.49980,0.00000,0.00000,
27.52,1,-1.60317,2.49636,3.13876,0.45011,0.00318,0.10868,0.00998
27.52,2,-0.42698,2.48666,-3.13124,0.39940,0.08402,0.17623,0.00447
27.54,0,-2.72185,2.49887,3.14096,0.49948,0.00000,0.00000,
27.54,1,-1.61041,2.49639,3.13885,0.34953,0.00458,0.11144,0.01998
27.54,2,-0.43596,2.48667,-3.13497,0.46389,-0.25599,0.17449,0.01171
27.56,0,-2.73183,2.49888,3.14096,0.49881,0.00000,0.00000,
27.56,1,-1.61844,2.49641,3.13892,0.48104,0.00187,0.11339,0.02996
27.56,2,-0.44572,2.48662,-3.13828,0.54169,-0.06623,0.17276,0.01974
27.58,0,-2.74180,2.49888,3.14096,0.49871,0.00000,0.00000,
27.58,1,-1.62884,2.49644,3.13894,0.52295,0.00069,0.11297,0.03993
27.58,2,-0.45689,2.48658,-3.13825,0.55208,0.02460,0.17199,0.03014
27.6,0,-2.75178,2.49889,3.14096,0.49888,0.00000,0.00000,
27.6,1,-1.63957,2.49647,3.13895,0.53389,0.00031,0.11221,0.04991
27.6,2,-0.46735,2.48654,-3.13813,0.50089,-0.01492,0.17226,0.04087
27.62,0,-2.76176,2.49890,3.14096,0.49896,0.00000,0.00000,
27.62,1,-1.64985,2.49650,3.13896,0.49786,0.00086,0.11191,0.00998
27.62,2,-0.47701,2.48651,-3.13874,0.44222,-0.03532,0.17288,0.05116
27.64,0,-2.77173,2.49890,3.14096,0.49893,0.00000,0.00000,
27.64,1,-1.66405,2.49652,3.13901,0.76353,0.00322,0.10769,0.01996
27.64,2,-0.48643,2.48648,-3.13940,0.54952,-0.03304,0.17767,0.01925
27.66,0,-2.78135,2.49891,3.14095,0.46419,-0.00012,0.00000,
27.66,1,-1.67763,2.49655,3.13907,0.62417,0.00181,0.10372,0.02957
27.66,2,-0.49698,2.48645,-3.13999,0.47913,-0.02612,0.18069,0.03282
27.68,0,-2.79076,2.49891,3.14095,0.47503,0.00006,0.00000,
27.68,1,-1.68882,2.49658,3.13907,0.44930,-0.00250,0.10194,0.03898
27.68,2,-0.50791,2.48643,-3.14045,0.60347,-0.02038,0.18096,0.04402
27.7,0,-2.80030,2.49892,3.14096,0.47764,0.00004,0.00000,
27.7,1,-1.69578,2.49661,3.13898,0.33314,-0.00483,0.10453,0.04852
27.7,2,-0.52033,2.48642,-3.14084,0.61697,-0.01929,0.17549,0.05097
27.72,0,-2.80961,2.49893,3.14096,0.46357,0.00008,0.00000,
27.72,1,-1.70256,2.49663,3.13890,0.35662,-0.00237,0.10706,0.05784
27.72,2,-0.53213,2.48641,-3.14123,0.56817,-0.01987,0.17047,0.05775
27.74,0,-2.81949,2.49893,3.14096,0.51156,-0.00006,0.00000,
27.74,1,-1.71182,2.49666,3.13894,0.55410,0.00357,0.10767,0.01919
27.74,2,-0.54327,2.48641,3.14154,0.63943,-0.02348,0.16860,0.01272
27.76,0,-2.82978,2.49894,3.14096,0.51177,-0.00001,0.00000,
27.76,1,-1.72258,2.49669,3.13902,0.50868,0.00470,0.10720,0.02948
27.76,2,-0.55678,2.48640,3.14106,0.67581,-0.02405,0.16585,0.02348
27.78,0,-2.83986,2.49895,3.14096,0.49775,0.00002,0.00000,
27.78,1,-1.73256,2.49671,3.13909,0.50441,0.00185,0.10731,0.03956
27.78,2,-0.56922,2.48638,3.13954,0.51051,-0.08234,0.16338,0.03345
27.8,0,-2.84975,2.49895,3.14096,0.49379,0.00001,0.00000,
27.8,1,-1.74243,2.49674,3.13910,0.42581,-0.00207,0.10732,0.04945
27.8,2,-0.57708,2.48640,3.13868,0.36243,-0.00955,0.16541,0.04333
27.82,0,-2.85966,2.49896,3.14096,0.49679,0.00000,0.00000,
27.82,1,-1.75055,2.49676,3.13907,0.41868,0.00062,0.10911,0.05936
27.82,2,-0.58436,2.48644,3.13877,0.37362,0.00449,0.16624,0.05144
27.84,0,-2.86962,2.49896,3.14096,0.49878,0.00000,0.00000,
27.84,1,-1.75848,2.49678,3.13913,0.36423,0.00385,0.11114,0.01987
27.84,2,-0.59276,2.48647,3.13850,0.41064,-0.02846,0.16577,0.01206
27.86,0,-2.87959,2.49897,3.14096,0.49846,0.00000,0.00000,
27.86,1,-1.76598,2.49680,3.13920,0.40068,0.00221,0.11362,0.02984
27.86,2,-0.60118,2.48650,3.13799,0.43836,-0.01864,0.16484,0.01956
27.88,0,-2.88955,2.49898,3.14096,0.49778,0.00000,0.00000,
27.88,1,-1.77454,2.49682,3.13923,0.47103,0.00077,0.11502,0.03980
27.88,2,-0.61011,2.48653,3.13778,0.42151,-0.00624,0.16447,0.02811
27.9,0,-2.89951,2.49898,3.14096,0.49769,0.00000,0.00000,
27.9,1,-1.78490,2.49685,3.13923,0.53235,0.00024,0.11461,0.04976
27.9,2,-0.61954,2.48656,3.13762,0.49959,-0.00975,0.16541,0.03847
27.92,0,-2.90946,2.49899,3.14096,0.49787,0.00000,0.00000,
27.92,1,-1.79502,2.49687,3.13925,0.49198,0.00082,0.11444,0.00996
27.92,2,-0.62954,2.48660,3.13740,0.49088,-0.01137,0.16553,0.04860
27.94,0,-2.91942,2.49900,3.14096,0.49794,0.00000,0.00000,
27.94,1,-1.80866,2.49689,3.13930,0.67042,0.00470,0.11076,0.01991
27.94,2,-0.64033,2.48665,3.13722,0.59112,-0.00549,0.16838,0.01860
27.96,0,-2.92938,2.49900,3.14096,0.49791,0.00000,0.00000,
27.96,1,-1.82207,2.49692,3.13940,0.67042,0.00470,0.10731,0.02987
27.96,2,-0.65179,2.48670,3.13711,0.57400,-0.00710,0.17033,0.03200
27.98,0,-2.93934,2.49901,3.14096,0.49788,0.00000,0.00000,
27.98,1,-1.83462,2.49694,3.13945,0.57745,0.00052,0.10472,0.03983
27.98,2,-0.66343,2.48675,3.13692,0.58060,-0.01066,0.17124,0.04455
28.0,0,-2.94930,2.49902,3.14096,0.49788,0.00000,0.00000,
28.0,1,-1.84321,2.49696,3.13943,0.41663,-0.00022,0.10608,0.04979
28.0,2,-0.67479,2.48680,3.13672,0.55721,-0.00928,0.16847,0.05315
28.02,0,-2.95925,2.49902,3.14096,0.49789,0.00000,0.00000,
28.02,1,-1.85386,2.49698,3.13945,0.54956,0.00108,0.10540,0.00996
28.02,2,-0.68617,2.48685,3.13656,0.60092,-0.00385,0.16773,0.00551
28.04,0,-2.96921,2.49903,3.14096,0.49789,0.00000,0.00000,
28.04,1,-1.86364,2.49700,3.13948,0.52109,0.00090,0.10557,0.01992
28.04,2,-0.69756,2.48691,3.13654,0.56619,-0.00255,0.16612,0.01529
28.06,0,-2.97874,2.49903,3.14095,0.46447,-0.00010,0.00000,
28.06,1,-1.87491,2.49703,3.13948,0.57717,-0.00014,0.10383,0.02944
28.06,2,-0.70865,2.48697,3.13639,0.56830,-0.00907,0.16631,0.02657
28.08,0,-2.98815,2.49904,3.14095,0.47481,0.00007,0.00000,
28.08,1,-1.88481,2.49705,3.13946,0.47583,-0.00034,0.10334,0.03886
28.08,2,-0.72033,2.48703,3.13622,0.58876,-0.00798,0.16452,0.03647
28.1,0,-2.99768,2.49905,3.14096,0.47653,0.00003,0.00000,
28.1,1,-1.89423,2.49707,3.13947,0.46783,0.00120,0.10345,0.04838
28.1,2,-0.73174,2.48709,3.13608,0.53980,-0.00524,0.16253,0.04588
28.12,0,-3.00696,2.49905,3.14096,0.47597,0.00003,0.00000,
28.12,1,-1.90353,2.49709,3.13950,0.46232,0.00076,0.10344,0.05767
28.12,2,-0.74312,2.48715,3.13596,0.58781,-0.00713,0.16044,0.05518
28.14,0,-3.01699,2.49906,3.14096,0.51417,-0.00006,0.00000,
28.14,1,-1.91517,2.49711,3.13952,0.63890,0.00144,0.10182,0.01931
28.14,2,-0.75370,2.48721,3.13586,0.45854,-0.00235,0.16152,0.01628
28.16,0,-3.02725,2.49907,3.14096,0.50808,-0.00000,0.00000,
28.16,1,-1.92652,2.49714,3.13955,0.55145,0.00058,0.10073,0.02957
28.16,2,-0.76153,2.48726,3.13573,0.36218,-0.00939,0.16503,0.02763
28.18,0,-3.03726,2.49907,3.14096,0.49518,0.00002,0.00000,
28.18,1,-1.93698,2.49716,3.13955,0.50107,0.00005,0.10028,0.03958
28.18,2,-0.76900,2.48732,3.13556,0.40075,-0.00684,0.16802,0.03809
28.2,0,-3.04712,2.49908,3.14096,0.49338,0.00001,0.00000,
28.2,1,-1.94501,2.49719,3.13944,0.36087,-0.02361,0.10211,0.04944
28.2,2,-0.77752,2.48737,3.13548,0.43385,-0.00202,0.16753,0.04612
28.22,0,-3.05703,2.49908,3.14096,0.49665,0.00000,0.00000,
28.22,1,-1.95238,2.49719,3.13935,0.29861,0.00154,0.10465,0.00990
28.22,2,-0.78771,2.48744,3.13539,0.54693,-0.00588,0.16471,0.05349
28.24,0,-3.06698,2.49909,3.14096,0.49809,0.00000,0.00000,
28.24,1,-1.95821,2.49709,-3.13926,0.31544,0.34318,0.10878,0.01986
28.24,2,-0.79817,2.48751,3.13528,0.45255,-0.00323,0.16007,0.00955
28.26,0,-3.07694,2.49910,3.14096,0.49753,0.00000,0.00000,
28.26,1,-1.96579,2.49702,-3.13476,0.39784,0.08347,0.11115,0.02981
28.26,2,-0.80525,2.48756,3.13526,0.30794,-0.00320,0.16058,0.01714
28.28,0,-3.08688,2.49910,3.14096,0.49695,0.00000,0.00000,
28.28,1,-1.97535,2.49698,-3.13534,0.51254,-0.07424,0.11153,0.03976
28.28,2,-0.81024,2.48761,3.13508,0.23815,-0.00989,0.16515,0.02670
28.3,0,-3.09682,2.49911,3.14096,0.49696,0.00000,0.00000,
28.3,1,-1.98579,2.49691,-3.13646,0.52800,-0.03151,0.11103,0.04970
28.3,2,-0.81545,2.48765,3.13492,0.30515,-0.00573,0.17038,0.03714
28.32,0,-3.10676,2.49912,3.14096,0.49713,0.00000,0.00000,
28.32,1,-1.99730,2.49684,-3.13668,0.72202,-0.00299,0.10946,0.00994
28.32,2,-0.82249,2.48771,3.13488,0.34999,0.00135,0.17484,0.04865
28.34,0,-3.11670,2.49912,3.14096,0.49717,0.00000,0.00000,
28.34,1,-2.01132,2.49677,-3.13685,0.67764,-0.00934,0.10539,0.01988
28.34,2,-0.83179,2.48776,3.13494,0.56502,0.00638,0.17956,0.02030
28.36,0,-3.12665,2.49913,3.14096,0.49713,0.00000,0.00000,
28.36,1,-2.02466,2.49675,-3.13665,0.63740,0.03291,0.10199,0.02983
28.36,2,-0.84230,2.48782,3.13512,0.48071,0.01149,0.18239,0.03364
28.38,0,-3.13659,2.49913,3.14096,0.49711,0.00000,0.00000,
28.38,1,-2.03490,2.49671,-3.13623,0.41206,0.00896,0.10169,0.03977
28.38,2,-0.85268,2.48787,3.13525,0.56205,-0.00122,0.18225,0.04388
28.4,0,-3.14653,2.49914,3.14096,0.49712,0.00000,0.00000,
28.4,1,-2.04344,2.49664,-3.13640,0.44109,-0.01877,0.10310,0.04971
28.4,2,-0.86436,2.48795,3.13512,0.56696,-0.00905,0.17911,0.05242
28.42,0,-3.15647,2.49915,3.14096,0.49712,0.00000,0.00000,
28.42,1,-2.05359,2.49658,-3.13687,0.66174,-0.02448,0.10289,0.00994
28.42,2,-0.87566,2.48802,3.13500,0.55863,-0.00295,0.17796,0.06257
28.44,0,-3.16642,2.49915,3.14096,0.49712,0.00000,0.00000,
28.44,1,-2.06531,2.49652,-3.13745,0.57269,-0.02933,0.10111,0.01988
28.44,2,-0.88667,2.48810,3.13504,0.54987,0.00809,0.17867,0.01740
28.46,0,-3.17636,2.49916,3.14096,0.49712,0.00000,0.00000,
28.46,1,-2.07674,2.49647,-3.13802,0.56638,-0.02403,0.09962,0.02983
28.46,2,-0.89755,2.48817,3.13517,0.53706,0.00266,0.17922,0.02883
28.48,0,-3.18630,2.49917,3.14096,0.49712,0.00000,0.00000,
28.48,1,-2.08731,2.49644,-3.13828,0.44103,-0.00586,0.09899,0.03977
28.48,2,-0.90812,2.48824,3.13513,0.52183,-0.00398,0.17922,0.03940
28.5,0,-3.19624,2.49917,3.14096,0.49712,0.00000,0.00000,
28.5,1,-2.09618,2.49641,-3.13842,0.45043,-0.00938,0.10006,0.04971
28.5,2,-0.91846,2.48830,3.13506,0.51408,-0.00282,0.17775,0.04827
28.52,0,-3.20619,2.49918,3.14096,0.49712,0.00000,0.00000,
28.52,1,-2.10749,2.49639,-3.13867,0.71938,-0.01455,0.09870,0.00994
28.52,2,-0.92868,2.48837,3.13502,0.50848,-0.00125,0.17884,0.00662
28.54,0,-3.21613,2.49919,3.14096,0.49712,0.00000,0.00000,
28.54,1,-2.12046,2.49637,-3.13900,0.58693,-0.01812,0.09568,0.01988
28.54,2,-0.94075,2.48844,3.13525,0.60702,0.01520,0.17974,0.01958
28.56,0,-3.22552,2.49919,3.14096,0.46624,-0.00005,0.00000,
28.56,1,-2.13216,2.49634,-3.13935,0.57839,-0.01497,0.09336,0.02927
28.56,2,-0.95267,2.48852,3.13539,0.58504,-0.00043,0.17951,0.03129
28.58,0,-3.23495,2.49920,3.14096,0.47520,0.00007,0.00000,
28.58,1,-2.14077,2.49631,-3.13955,0.38738,-0.00880,0.09419,0.03871
28.58,2,-0.96401,2.48859,3.13531,0.55679,-0.00437,0.17678,0.03989
28.6,0,-3.24447,2.49920,3.14096,0.47538,0.00002,0.00000,
28.6,1,-2.14898,2.49629,-3.13974,0.42680,-0.01003,0.09549,0.04823
28.6,2,-0.97544,2.48866,3.13525,0.57952,-0.00170,0.17357,0.04811
28.62,0,-3.25381,2.49921,3.14096,0.49263,-0.00003,0.00000,
28.62,1,-2.15711,2.49627,-3.13996,0.45101,-0.01045,0.09671,0.00934
28.62,2,-0.98699,2.48873,3.13523,0.57240,-0.00045,0.17014,0.05623
28.64,0,-3.26400,2.49922,3.14096,0.51492,-0.00005,0.00000,
28.64,1,-2.16875,2.49622,3.14131,0.54961,-0.17313,0.09525,0.01953
28.64,2,-0.99769,2.48880,3.13525,0.43546,0.00960,0.17108,0.01589
28.66,0,-3.27418,2.49922,3.14096,0.50281,0.00001,0.00000,
28.66,1,-2.17960,2.49621,3.13877,0.52890,-0.05339,0.09458,0.02971
28.66,2,-1.00631,2.48888,3.13544,0.39010,0.00691,0.17331,0.02673
28.68,0,-3.28411,2.49923,3.14096,0.49291,0.00001,0.00000,
28.68,1,-2.18906,2.49623,3.13889,0.36170,0.01800,0.09506,0.03964
28.68,2,-1.01163,2.48895,3.13543,0.24073,-0.00183,0.17745,0.03619
28.7,0,-3.29397,2.49924,3.14096,0.49370,0.00000,0.00000,
28.7,1,-2.19648,2.49625,3.13913,0.37935,0.00852,0.09749,0.04950
28.7,2,-1.01742,2.48900,3.13542,0.34506,-0.00003,0.17908,0.04362
28.72,0,-3.30388,2.49924,3.14096,0.49682,0.00000,0.00000,
28.72,1,-2.20332,2.49627,3.13920,0.27734,0.00145,0.10056,0.00991
28.72,2,-1.02442,2.48904,3.13547,0.39467,0.00332,0.17892,0.05045
28.74,0,-3.31382,2.49925,3.14096,0.49745,0.00000,0.00000,
28.74,1,-2.20924,2.49629,3.13922,0.34191,-0.00004,0.10459,0.01986
28.74,2,-1.03273,2.48909,3.13555,0.49368,0.00633,0.17653,0.00876
28.76,0,-3.32377,2.49925,3.14096,0.49671,0.00000,0.00000,
28.76,1,-2.21748,2.49632,3.13920,0.42262,-0.00027,0.10629,0.02980
28.76,2,-1.04369,2.48916,3.13568,0.52882,0.00502,0.17381,0.01699
28.78,0,-3.33369,2.49926,3.14096,0.49632,0.00000,0.00000,
28.78,1,-2.22724,2.49634,3.13919,0.53299,-0.00096,0.10646,0.03973
28.78,2,-1.05433,2.48922,3.13567,0.51990,-0.00298,0.17293,0.02675
28.8,0,-3.34362,2.49927,3.14096,0.49643,0.00000,0.00000,
28.8,1,-2.23786,2.49637,3.13917,0.51473,-0.00076,0.10576,0.04966
28.8,2,-1.06338,2.48928,3.13557,0.38032,-0.00708,0.17451,0.03738
28.82,0,-3.35355,2.49927,3.14096,0.49657,0.00000,0.00000,
28.82,1,-2.25049,2.49639,3.13919,0.70152,0.00197,0.10306,0.00993
28.82,2,-1.07125,2.48933,3.13553,0.40642,0.00090,0.17926,0.05001
28.84,0,-3.36348,2.49928,3.14096,0.49658,0.00000,0.00000,
28.84,1,-2.26366,2.49642,3.13925,0.64606,0.00297,0.09983,0.01986
28.84,2,-1.08003,2.48938,3.13556,0.58137,0.00231,0.18365,0.02012
28.86,0,-3.37342,2.49929,3.14096,0.49654,0.00000,0.00000,
28.86,1,-2.27574,2.49644,3.13927,0.56108,-0.00079,0.09768,0.02979
28.86,2,-1.09135,2.48944,3.13588,0.49136,0.02193,0.18441,0.03220
28.88,0,-3.38335,2.49929,3.14096,0.49653,0.00000,0.00000,
28.88,1,-2.28473,2.49647,3.13921,0.38822,-0.00325,0.09862,0.03972
28.88,2,-1.10122,2.48951,3.13631,0.50706,0.01896,0.18353,0.04120
28.9,0,-3.39328,2.49930,3.14096,0.49654,0.00000,0.00000,
28.9,1,-2.29279,2.49649,3.13917,0.41450,-0.00127,0.10049,0.04965
28.9,2,-1.11183,2.48958,3.13641,0.56402,-0.00206,0.18098,0.04925
28.92,0,-3.40321,2.49930,3.14096,0.49654,0.00000,0.00000,
28.92,1,-2.30469,2.49651,3.13919,0.60241,0.00285,0.09852,0.00993
28.92,2,-1.12342,2.48964,3.13638,0.52454,0.00183,0.18128,0.06115
28.94,0,-3.41314,2.49931,3.14096,0.49654,0.00000,0.00000,
28.94,1,-2.31536,2.49653,3.13928,0.52406,0.00466,0.09778,0.01986
28.94,2,-1.13398,2.48969,3.13667,0.54429,0.05890,0.18140,0.01717
28.96,0,-3.42307,2.49932,3.14096,0.49654,0.00000,0.00000,
28.96,1,-2.32537,2.49655,3.13933,0.40727,-0.00135,0.09770,0.02979
28.96,2,-1.14679,2.48974,3.13797,0.72544,0.04348,0.17860,0.02718
28.98,0,-3.43300,2.49932,3.14096,0.49654,0.00000,0.00000,
28.98,1,-2.33311,2.49658,3.13928,0.41420,-0.00147,0.09989,0.03972
28.98,2,-1.16253,2.48982,3.13813,0.81237,-0.01328,0.17060,0.03492
29.0,0,-3.44293,2.49933,3.14096,0.49654,0.00000,0.00000,
29.0,1,-2.34125,2.49660,3.13928,0.39932,0.00083,0.10168,0.04965
29.0,2,-1.17792,2.48990,3.13782,0.76357,-0.01290,0.16335,0.04306
29.02,0,-3.45286,2.49934,3.14096,0.49654,0.00000,0.00000,
29.02,1,-2.35073,2.49662,3.13928,0.57040,-0.00028,0.10214,0.00993
29.02,2,-1.19240,2.48996,3.13769,0.69072,-0.00234,0.15835,0.05254
29.04,0,-3.46279,2.49934,3.14096,0.49654,0.00000,0.00000,
29.04,1,-2.36306,2.49664,3.13932,0.57986,0.00262,0.09973,0.01986
29.04,2,-1.20374,2.49000,3.13769,0.51998,0.00043,0.15934,0.01739
29.06,0,-3.47272,2.49935,3.14096,0.49654,0.00000,0.00000,
29.06,1,-2.37460,2.49667,3.13936,0.56805,0.00125,0.09812,0.02979
29.06,2,-1.21324,2.49005,3.13766,0.41093,-0.00370,0.16138,0.02893
29.08,0,-3.48265,2.49936,3.14096,0.49654,0.00000,0.00000,
29.08,1,-2.38342,2.49669,3.13933,0.41196,-0.00143,0.09924,0.03972
29.08,2,-1.22039,2.49009,3.13755,0.32381,-0.00707,0.16305,0.03775
29.1,0,-3.49258,2.49936,3.14096,0.49654,0.00000,0.00000,
29.1,1,-2.39201,2.49671,3.13932,0.44063,0.00001,0.10058,0.04965
29.1,2,-1.22792,2.49014,3.13741,0.55544,-0.00872,0.16410,0.04633
29.12,0,-3.50252,2.49937,3.14096,0.49654,0.00000,0.00000,
29.12,1,-2.40223,2.49673,3.13935,0.57437,0.00197,0.10029,0.00993
29.12,2,-1.23822,2.49018,3.13733,0.49707,-0.00288,0.16403,0.05655
29.14,0,-3.51245,2.49937,3.14096,0.49654,0.00000,0.00000,
29.14,1,-2.41312,2.49675,3.13940,0.52847,0.00274,0.09933,0.01986
29.14,2,-1.24817,2.49022,3.13727,0.49707,-0.00291,0.16497,0.01663
29.16,0,-3.52238,2.49938,3.14096,0.49654,0.00000,0.00000,
29.16,1,-2.42356,2.49677,3.13943,0.52879,-0.00063,0.09882,0.02979
29.16,2,-1.25940,2.49027,3.13724,0.71848,0.00318,0.16418,0.02707
29.18,0,-3.53164,2.49939,3.14096,0.46811,-0.00000,0.00000,
29.18,1,-2.43300,2.49680,3.13938,0.42117,-0.00291,0.09864,0.03905
29.18,2,-1.27317,2.49033,3.13731,0.67186,0.00310,0.15985,0.03651
29.2,0,-3.54110,2.49939,3.14096,0.47532,0.00006,0.00000,
29.2,1,-2.44174,2.49682,3.13936,0.44851,0.00004,0.09936,0.04851
29.2,2,-1.28360,2.49039,3.13726,0.43545,-0.00640,0.15816,0.04525
29.22,0,-3.55044,2.49940,3.14096,0.44849,0.00015,0.00000,
29.22,1,-2.45102,2.49684,3.13936,0.52879,0.00091,0.09943,0.00935
29.22,2,-1.29231,2.49045,3.13713,0.43545,-0.00638,0.15873,0.05453
29.24,0,-3.56009,2.49940,3.14096,0.50474,-0.00006,0.00000,
29.24,1,-2.46187,2.49686,3.13941,0.55003,0.00255,0.09823,0.01900
29.24,2,-1.30116,2.49049,3.13706,0.41911,0.00112,0.16073,0.01561
29.26,0,-3.57035,2.49941,3.14096,0.51243,-0.00003,0.00000,
29.26,1,-2.47267,2.49684,3.13922,0.52173,-0.01537,0.09768,0.02925
29.26,2,-1.31042,2.49054,3.13710,0.52296,0.00008,0.16226,0.02641
29.28,0,-3.58044,2.49942,3.14096,0.49808,0.00002,0.00000,
29.28,1,-2.48255,2.49688,3.13909,0.47557,0.00175,0.09789,0.03934
29.28,2,-1.32142,2.49059,3.13706,0.55105,-0.00285,0.16115,0.03629
29.3,0,-3.59031,2.49942,3.14096,0.49183,0.00001,0.00000,
29.3,1,-2.49093,2.49693,3.13918,0.37641,0.00479,0.09939,0.04922
29.3,2,-1.33194,2.49064,3.13700,0.50452,-0.00255,0.15900,0.04467
29.32,0,-3.60017,2.49943,3.14096,0.49430,0.00000,0.00000,
29.32,1,-2.49898,2.49696,3.13924,0.39855,0.00218,0.10120,0.00986
29.32,2,-1.34171,2.49068,3.13696,0.48057,-0.00184,0.15729,0.05272
29.34,0,-3.61009,2.49944,3.14096,0.49681,0.00000,0.00000,
29.34,1,-2.50708,2.49699,3.13927,0.39523,0.00154,0.10301,0.01978
29.34,2,-1.35157,2.49073,3.13695,0.50437,0.00043,0.15552,0.01209
29.36,0,-3.62003,2.49944,3.14096,0.49678,0.00000,0.00000,
29.36,1,-2.51610,2.49701,3.13930,0.51310,0.00029,0.10393,0.02971
29.36,2,-1.36157,2.49078,3.13695,0.49103,-0.00130,0.15455,0.02111
29.38,0,-3.62995,2.49945,3.14096,0.49604,0.00000,0.00000,
29.38,1,-2.52677,2.49703,3.13929,0.52899,-0.00044,0.10319,0.03964
29.38,2,-1.37114,2.49082,3.13691,0.47000,-0.00209,0.15565,0.03178
29.4,0,-3.63987,2.49946,3.14096,0.49585,0.00000,0.00000,
29.4,1,-2.53677,2.49706,3.13928,0.47664,-0.00004,0.10311,0.04956
29.4,2,-1.38008,2.49086,3.13686,0.42919,-0.00262,0.15671,0.04178
29.42,0,-3.64979,2.49946,3.14096,0.49601,0.00000,0.00000,
29.42,1,-2.54950,2.49708,3.13932,0.66785,0.00345,0.10029,0.00992
29.42,2,-1.38880,2.49091,3.13683,0.44034,-0.00098,0.16072,0.05451
29.44,0,-3.65971,2.49947,3.14096,0.49611,0.00000,0.00000,
29.44,1,-2.56280,2.49710,3.13939,0.64011,0.00403,0.09691,0.01984
29.44,2,-1.39878,2.49095,3.13683,0.61056,0.00700,0.16404,0.02014
29.46,0,-3.66963,2.49947,3.14096,0.49609,0.00000,0.00000,
29.46,1,-2.57496,2.49712,3.13944,0.59702,0.00010,0.09468,0.02976
29.46,2,-1.41099,2.49098,3.13710,0.55044,-0.04111,0.16399,0.03229
29.48,0,-3.67955,2.49948,3.14096,0.49606,0.00000,0.00000,
29.48,1,-2.58341,2.49715,3.13930,0.38935,-0.01245,0.09614,0.03968
29.48,2,-1.42185,2.49099,3.13635,0.57567,-0.02774,0.16158,0.04074
29.5,0,-3.68947,2.49949,3.14096,0.49605,0.00000,0.00000,
29.5,1,-2.59129,2.49717,3.13910,0.40555,-0.00563,0.09818,0.04960
29.5,2,-1.43543,2.49104,3.13623,0.75939,0.00622,0.15588,0.04863
29.52,0,-3.69940,2.49949,3.14096,0.49606,0.00000,0.00000,
29.52,1,-2.60073,2.49719,3.13912,0.57891,0.00639,0.09867,0.00992
29.52,2,-1.45140,2.49112,3.13637,0.73222,0.00521,0.14935,0.00527
29.54,0,-3.70932,2.49950,3.14096,0.49606,0.00000,0.00000,
29.54,1,-2.61250,2.49721,3.13926,0.58851,0.00715,0.09682,0.01984
29.54,2,-1.46255,2.49120,3.13650,0.53073,0.00732,0.14997,0.01704
29.56,0,-3.71924,2.49951,3.14096,0.49606,0.00000,0.00000,
29.56,1,-2.62427,2.49723,3.13940,0.58851,0.00716,0.09497,0.02976
29.56,2,-1.47032,2.49128,3.13651,0.33667,-0.00244,0.15397,0.02881
29.58,0,-3.72916,2.49951,3.14096,0.49606,0.00000,0.00000,
29.58,1,-2.63479,2.49725,3.13948,0.46004,-0.00057,0.09437,0.03968
29.58,2,-1.47715,2.49140,3.13625,0.35798,-0.03217,0.15765,0.03932
29.6,0,-3.73908,2.49952,3.14096,0.49606,0.00000,0.00000,
29.6,1,-2.64289,2.49727,3.13943,0.42234,-0.00148,0.09619,0.04961
29.6,2,-1.48511,2.49147,3.13574,0.40688,-0.01205,0.15780,0.04743
29.62,0,-3.74900,2.49952,3.14096,0.49606,0.00000,0.00000,
29.62,1,-2.65162,2.49729,3.13944,0.42195,0.00131,0.09739,0.00992
29.62,2,-1.49363,2.49151,3.13574,0.47551,0.00560,0.15800,0.05615
29.64,0,-3.75892,2.49953,3.14096,0.49606,0.00000,0.00000,
29.64,1,-2.66163,2.49731,3.13949,0.47894,0.00329,0.09729,0.01984
29.64,2,-1.50243,2.49155,3.13609,0.38485,0.02328,0.15921,0.01440
29.66,0,-3.76884,2.49954,3.14096,0.49606,0.00000,0.00000,
29.66,1,-2.67108,2.49733,3.13954,0.48911,0.00096,0.09776,0.02976
29.66,2,-1.51018,2.49160,3.13653,0.39846,0.01819,0.16092,0.02385
29.68,0,-3.77877,2.49954,3.14096,0.49606,0.00000,0.00000,
29.68,1,-2.68121,2.49735,3.13954,0.51464,-0.00084,0.09755,0.03968
29.68,2,-1.51914,2.49164,3.13665,0.48754,-0.00264,0.16209,0.03398
29.7,0,-3.78869,2.49955,3.14096,0.49606,0.00000,0.00000,
29.7,1,-2.69013,2.49737,3.13951,0.44787,-0.00038,0.09856,0.04961
29.7,2,-1.52927,2.49169,3.13655,0.50854,-0.00430,0.16088,0.04290
29.72,0,-3.79861,2.49956,3.14096,0.49606,0.00000,0.00000,
29.72,1,-2.69915,2.49739,3.13952,0.45081,0.00067,0.09946,0.05953
29.72,2,-1.53911,2.49174,3.13652,0.47716,0.00033,0.16005,0.05192
29.74,0,-3.80853,2.49956,3.14096,0.49606,0.00000,0.00000,
29.74,1,-2.71086,2.49741,3.13955,0.60904,0.00380,0.09767,0.01984
29.74,2,-1.55015,2.49178,3.13657,0.69874,0.00620,0.16073,0.01622
29.76,0,-3.81845,2.49957,3.14096,0.49606,0.00000,0.00000,
29.76,1,-2.72304,2.49743,3.13963,0.60904,0.00380,0.09541,0.02976
29.76,2,-1.56363,2.49183,3.13671,0.64460,0.00872,0.15943,0.02840
29.78,0,-3.82837,2.49957,3.14096,0.49606,0.00000,0.00000,
29.78,1,-2.73451,2.49745,3.13969,0.56286,0.00082,0.09386,0.03968
29.78,2,-1.57606,2.49188,3.13691,0.61746,0.00831,0.15847,0.03987
29.8,0,-3.83829,2.49958,3.14096,0.49606,0.00000,0.00000,
29.8,1,-2.74334,2.49747,3.13964,0.41278,-0.00210,0.09496,0.04961
29.8,2,-1.58748,2.49193,3.13695,0.47009,-0.00461,0.15587,0.04870
29.82,0,-3.84821,2.49959,3.14096,0.49606,0.00000,0.00000,
29.82,1,-2.75193,2.49749,3.13963,0.44023,0.00039,0.09629,0.00992
29.82,2,-1.59628,2.49197,3.13687,0.45071,-0.00114,0.15566,0.05729
29.84,0,-3.85814,2.49959,3.14096,0.49606,0.00000,0.00000,
29.84,1,-2.76363,2.49750,3.13968,0.54574,0.00375,0.09451,0.01984
29.84,2,-1.60741,2.49202,3.13691,0.65887,0.00343,0.15623,0.01607
29.86,0,-3.86806,2.49960,3.14096,0.49606,0.00000,0.00000,
29.86,1,-2.77454,2.49752,3.13975,0.54336,0.00324,0.09352,0.02976
29.86,2,-1.61917,2.49207,3.13701,0.54599,0.00581,0.15538,0.02698
29.88,0,-3.87798,2.49961,3.14096,0.49606,0.00000,0.00000,
29.88,1,-2.78505,2.49754,3.13978,0.50824,-0.00045,0.09293,0.03968
29.88,2,-1.62994,2.49213,3.13707,0.49085,-0.00121,0.15512,0.03749
29.9,0,-3.88790,2.49961,3.14096,0.49606,0.00000,0.00000,
29.9,1,-2.79401,2.49756,3.13975,0.42423,-0.00118,0.09389,0.04961
29.9,2,-1.63796,2.49217,3.13697,0.39692,-0.00456,0.15606,0.04645
29.92,0,-3.89782,2.49962,3.14096,0.49606,0.00000,0.00000,
29.92,1,-2.80393,2.49757,3.13975,0.65710,0.00133,0.09390,0.00992
29.92,2,-1.64622,2.49222,3.13693,0.42778,-0.00016,0.15772,0.05636
29.94,0,-3.90745,2.49963,3.14096,0.46075,-0.00015,0.00000,
29.94,1,-2.81683,2.49759,3.13979,0.57626,0.00344,0.09062,0.01955
29.94,2,-1.65765,2.49226,3.13702,0.61099,0.00820,0.15919,0.01849
29.96,0,-3.91679,2.49963,3.14096,0.47172,0.00006,0.00000,
29.96,1,-2.82826,2.49757,3.13970,0.55951,-0.01431,0.08853,0.02889
29.96,2,-1.66987,2.49230,3.13718,0.61099,0.00818,0.15840,0.02993
29.98,0,-3.92628,2.49964,3.14096,0.47514,0.00004,0.00000,
29.98,1,-2.83822,2.49761,3.13950,0.40639,-0.00474,0.08805,0.03838
29.98,2,-1.68164,2.49235,3.13736,0.53618,0.00958,0.15659,0.03989
30.0,0,-3.93553,2.49964,3.14096,0.47487,0.00004,0.00000,
30.0,1,-2.84663,2.49765,3.13954,0.43489,0.00485,0.08890,0.04763
30.0,2,-1.69150,2.49239,3.13738,0.38443,-0.00750,0.15514,0.04830
30.02,0,-3.94554,2.49965,3.14096,0.51306,-0.00006,0.00000,
30.02,1,-2.85654,2.49768,3.13962,0.59679,0.00238,0.08900,0.01001
30.02,2,-1.69912,2.49243,3.13723,0.38483,-0.00742,0.15743,0.05821
30.04,0,-3.95578,2.49966,3.14096,0.50670,-0.00000,0.00000,
30.04,1,-2.86789,2.49771,3.13968,0.55485,0.01290,0.08788,0.02024
30.04,2,-1.70940,2.49247,3.13718,0.52452,0.00203,0.15850,0.01684
30.06,0,-3.96575,2.49966,3.14096,0.49373,0.00002,0.00000,
30.06,1,-2.87867,2.49773,3.14012,0.51819,0.01742,0.08708,0.03022
30.06,2,-1.71989,2.49251,3.13722,0.52452,0.00205,0.15879,0.02762
30.08,0,-3.97559,2.49967,3.14096,0.49199,0.00001,0.00000,
30.08,1,-2.88759,2.49775,3.14024,0.35384,0.00082,0.08800,0.04006
30.08,2,-1.73017,2.49255,3.13726,0.50978,0.00139,0.15743,0.03654
30.1,0,-3.98547,2.49967,3.14096,0.49530,0.00000,0.00000,
30.1,1,-2.89486,2.49776,3.14024,0.37313,-0.00029,0.09061,0.04993
30.1,2,-1.74003,2.49260,3.13724,0.46269,-0.00248,0.15484,0.04381
30.12,0,-3.99539,2.49968,3.14096,0.49673,0.00000,0.00000,
30.12,1,-2.90169,2.49777,3.14025,0.28043,0.00169,0.09370,0.00993
30.12,2,-1.74951,2.49264,3.13722,0.47865,0.00027,0.15219,0.05064
30.14,0,-4.00532,2.49969,3.14096,0.49615,0.00000,0.00000,
30.14,1,-2.90780,2.49778,3.14028,0.35595,0.00017,0.09753,0.01986
30.14,2,-1.75665,2.49268,3.13727,0.29488,0.00283,0.15116,0.00898
30.16,0,-4.01524,2.49969,3.14096,0.49558,0.00000,0.00000,
30.16,1,-2.91596,2.49779,3.14027,0.47283,-0.00103,0.09928,0.02977
30.16,2,-1.76132,2.49271,3.13724,0.23089,-0.00197,0.15466,0.01714
30.18,0,-4.02515,2.49970,3.14096,0.49559,0.00000,0.00000,
30.18,1,-2.92600,2.49780,3.14025,0.52355,-0.00105,0.09915,0.03968
30.18,2,-1.76668,2.49274,3.13722,0.31921,-0.00049,0.15933,0.02718
30.2,0,-4.03506,2.49971,3.14096,0.49576,0.00000,0.00000,
30.2,1,-2.93652,2.49781,3.14022,0.51417,-0.00099,0.09855,0.04960
30.2,2,-1.77345,2.49277,3.13725,0.35740,0.00269,0.16308,0.03770
30.22,0,-4.04498,2.49971,3.14096,0.49580,0.00000,0.00000,
30.22,1,-2.94797,2.49783,3.14021,0.71569,0.00027,0.09701,0.00992
30.22,2,-1.78187,2.49281,3.13728,0.43375,0.00098,0.16611,0.04915
30.24,0,-4.05490,2.49972,3.14096,0.49576,0.00000,0.00000,
30.24,1,-2.96168,2.49784,3.14024,0.66240,0.00151,0.09322,0.01983
30.24,2,-1.79285,2.49284,3.13707,0.54210,-0.01746,0.16883,0.02016
30.26,0,-4.06481,2.49973,3.14096,0.49574,0.00000,0.00000,
30.26,1,-2.97456,2.49786,3.14026,0.60634,0.00004,0.09025,0.02975
30.26,2,-1.80373,2.49287,3.13676,0.54798,-0.01007,0.17084,0.03304
30.28,0,-4.07472,2.49973,3.14096,0.49575,0.00000,0.00000,
30.28,1,-2.98392,2.49787,3.14022,0.37615,-0.00245,0.09081,0.03966
30.28,2,-1.81484,2.49290,3.13673,0.55925,0.00289,0.16909,0.04240
30.3,0,-4.08464,2.49974,3.14096,0.49575,0.00000,0.00000,
30.3,1,-2.99154,2.49789,3.14018,0.38770,-0.00167,0.09310,0.04958
30.3,2,-1.82596,2.49295,3.13680,0.55090,0.00299,0.16559,0.05002
30.32,0,-4.09456,2.49974,3.14096,0.49575,0.00000,0.00000,
30.32,1,-2.99948,2.49790,3.14017,0.37722,0.00018,0.09508,0.00992
30.32,2,-1.83649,2.49300,3.13682,0.49759,-0.00076,0.16300,0.05796
30.34,0,-4.10447,2.49975,3.14096,0.49575,0.00000,0.00000,
30.34,1,-3.01098,2.49791,3.14019,0.60948,0.00109,0.09349,0.01983
30.34,2,-1.84627,2.49305,3.13683,0.44499,0.00263,0.16472,0.01546
30.36,0,-4.11439,2.49976,3.14096,0.49575,0.00000,0.00000,
30.36,1,-3.02232,2.49792,3.14022,0.54030,0.00196,0.09207,0.02975
30.36,2,-1.85369,2.49309,3.13688,0.38766,0.00328,0.16864,0.02680
30.38,0,-4.12430,2.49976,3.14096,0.49575,0.00000,0.00000,
30.38,1,-3.03301,2.49793,3.14024,0.52500,-0.00053,0.09130,0.03966
30.38,2,-1.86229,2.49313,3.13693,0.45765,0.00129,0.17073,0.03748
30.4,0,-4.13422,2.49977,3.14096,0.49575,0.00000,0.00000,
30.4,1,-3.04125,2.49795,3.14020,0.39081,-0.00177,0.09297,0.04958
30.4,2,-1.87137,2.49317,3.13695,0.41636,0.00225,0.16989,0.04572
30.42,0,-4.14413,2.49978,3.14096,0.49575,0.00000,0.00000,
30.42,1,-3.04954,2.49796,3.14018,0.42923,-0.00027,0.09460,0.05949
30.42,2,-1.88044,2.49322,3.13697,0.48853,0.00031,0.16910,0.05401
30.44,0,-4.15405,2.49978,3.14096,0.49575,0.00000,0.00000,
30.44,1,-3.05945,2.49797,3.14020,0.50794,0.00161,0.09460,0.01983
30.44,2,-1.89378,2.49326,3.13702,0.73134,0.00551,0.16568,0.01415
30.46,0,-4.16396,2.49979,3.14096,0.49575,0.00000,0.00000,
30.46,1,-3.06961,2.49798,3.14023,0.50794,0.00161,0.09436,0.02975
30.46,2,-1.90737,2.49331,3.13718,0.67714,0.00784,0.16225,0.02431
30.48,0,-4.17388,2.49979,3.14096,0.49575,0.00000,0.00000,
30.48,1,-3.07967,2.49799,3.14024,0.49633,-0.00044,0.09421,0.03966
30.48,2,-1.92033,2.49336,3.13729,0.59782,0.00164,0.15935,0.03437
30.5,0,-4.18379,2.49980,3.14096,0.49575,0.00000,0.00000,
30.5,1,-3.08905,2.49801,3.14022,0.41074,-0.00200,0.09475,0.04958
30.5,2,-1.92996,2.49340,3.13723,0.34543,-0.00707,0.15909,0.04375
30.52,0,-4.19371,2.49981,3.14096,0.49575,0.00000,0.00000,
30.52,1,-3.09786,2.49802,3.14020,0.55667,-0.00018,0.09585,0.00992
30.52,2,-1.93713,2.49344,3.13681,0.36551,-0.01178,0.16074,0.05256
30.54,0,-4.20273,2.49985,-3.14068,0.28943,0.51740,0.00000,
30.54,1,-3.11031,2.49803,3.14022,0.56474,0.00193,0.09243,0.01894
30.54,2,-1.94711,2.49346,3.13671,0.62825,-0.11741,0.16321,0.01711
30.56,0,-4.20606,2.50035,-3.12918,0.10688,0.45223,0.00000,
30.56,1,-3.12160,2.49804,3.14026,0.56352,0.00181,0.08446,0.02227
30.56,2,-1.95803,2.49348,3.13444,0.53503,-0.11371,0.16358,0.02840
30.58,0,-4.20777,2.50111,-3.12075,0.08051,0.41444,0.00000,
30.58,1,-3.13242,2.49806,3.14026,0.51706,-0.00060,0.07536,0.02402
30.58,2,-1.96873,2.49339,3.13220,0.53414,-0.11707,0.16370,0.03922
30.6,0,-4.20899,2.50154,-3.11129,0.07210,0.65569,0.00000,
30.6,1,-3.14115,2.49807,3.14023,0.36608,-0.00218,0.06785,0.02526
30.6,2,-1.97872,2.49326,3.13078,0.40107,-0.04646,0.16244,0.04795
30.62,0,-4.20915,2.50122,-3.07506,-0.04995,2.89893,0.00000,
30.62,1,-3.14901,2.49808,3.14021,0.41487,-0.00024,0.06014,0.02540
30.62,2,-1.98694,2.49336,3.13070,0.42229,0.02336,0.16208,0.05581
30.64,0,-4.20974,2.50099,-3.01948,0.10033,2.32371,0.00000,
30.64,1,-3.15478,2.49810,3.14016,0.20721,-0.00535,0.05496,0.00093
30.64,2,-1.99565,2.49353,3.13141,0.52909,0.02804,0.15914,0.00983
30.66,0,-4.21193,2.50020,-2.97837,0.12668,1.93329,0.00000,
30.66,1,-3.15876,2.49814,3.14025,0.16535,0.01228,0.05317,0.00323
30.66,2,-2.00737,2.49370,3.13160,0.58257,-0.00803,0.15140,0.01381
30.68,0,-4.21488,2.49889,-2.93858,0.17507,1.89920,0.00000,
30.68,1,-3.16049,2.49813,3.14037,0.05900,-0.00031,0.05439,0.00646
30.68,2,-2.01842,2.49377,3.13057,0.52701,-0.05076,0.14207,0.01554
30.7,0,-4.21916,2.49790,-2.90259,0.25370,1.78782,0.00000,
30.7,1,-3.16191,2.49812,3.14027,0.08293,-0.00687,0.05725,0.01080
30.7,2,-2.02833,2.49388,3.13038,0.43975,0.01251,0.13358,0.01696
30.72,0,-4.22449,2.49665,-2.86553,0.27982,1.90757,0.00000,
30.72,1,-3.16360,2.49811,3.14014,0.07293,-0.00469,0.06089,0.01625
30.72,2,-2.03559,2.49401,3.13026,0.36675,-0.04085,0.12801,0.01865
30.74,0,-4.23013,2.49508,-2.82651,0.29733,1.95526,0.00000,
30.74,1,-3.16657,2.49811,3.14027,0.15834,0.01060,0.06356,0.01133
30.74,2,-2.04098,2.49413,3.13064,0.27436,-0.09223,0.12560,0.00380
30.76,0,-4.23614,2.49314,-2.78746,0.32642,1.94069,0.00000,
30.76,1,-3.16969,2.49810,3.14049,0.15038,0.01107,0.06645,0.01763
30.76,2,-2.04604,2.49469,-3.14121,0.25838,0.83362,0.12366,0.00692
30.78,0,-4.24230,2.49086,-2.74924,0.34026,1.91437,0.00000,
30.78,1,-3.17367,2.49809,3.14060,0.26397,0.00156,0.06866,0.02419
30.78,2,-2.05133,2.49489,-3.12715,0.22832,0.24054,0.12234,0.01089
30.8,0,-4.24877,2.48821,-2.71085,0.35456,1.92200,0.00000,
30.8,1,-3.17988,2.49809,3.14060,0.32334,-0.00001,0.06893,0.03115
30.8,2,-2.05534,2.49501,-3.12396,0.18931,0.04392,0.12455,0.01711
30.82,0,-4.25521,2.48527,-2.67269,0.35433,1.89583,0.00000,
30.82,1,-3.18650,2.49811,-3.14071,0.28280,0.14941,0.06878,0.00708
30.82,2,-2.05967,2.49497,-3.12505,0.30037,-0.09095,0.12684,0.00301
30.84,0,-4.26182,2.48193,-2.63427,0.38145,1.93342,0.00000,
30.84,1,-3.19222,2.49810,-3.13891,0.30614,0.03178,0.06972,0.01449
30.84,2,-2.06615,2.49490,-3.12721,0.30871,-0.13529,0.12608,0.00873
30.86,0,-4.26864,2.47817,-2.59559,0.39338,1.93088,0.00000,
30.86,1,-3.19895,2.49807,-3.13900,0.35384,-0.01538,0.06988,0.02226
30.86,2,-2.07242,2.49486,-3.12926,0.34604,-0.05848,0.12653,0.01545
30.88,0,-4.27544,2.47409,-2.55707,0.39874,1.92305,0.00000,
30.88,1,-3.20604,2.49805,-3.13905,0.34918,0.01010,0.06966,0.03018
30.88,2,-2.08055,2.49476,-3.12966,0.43468,-0.00524,0.12550,0.02255
30.9,0,-4.28207,2.46970,-2.51926,0.40703,1.90246,0.00000,
30.9,1,-3.21279,2.49803,-3.13869,0.32844,0.02023,0.06966,0.03810
30.9,2,-2.08896,2.49466,-3.12996,0.41281,-0.02507,0.12383,0.02929
30.92,0,-4.28893,2.46481,-2.48067,0.43018,1.93995,0.00000,
30.92,1,-3.21934,2.49802,-3.13763,0.26634,0.17695,0.07011,0.00843
30.92,2,-2.09694,2.49456,-3.13061,0.38807,-0.03542,0.12240,0.00330
30.94,0,-4.29583,2.45949,-2.44194,0.43779,1.93133,0.00000,
30.94,1,-3.22375,2.49798,-3.13710,0.22207,0.03696,0.07277,0.01713
30.94,2,-2.10629,2.49446,-3.13125,0.48818,-0.02797,0.11746,0.00772
30.96,0,-4.30253,2.45388,-2.40379,0.42985,1.83753,0.00000,
30.96,1,-3.22946,2.49791,-3.13479,0.34790,0.12045,0.07398,0.02586
30.96,2,-2.11525,2.49437,-3.13178,0.40774,-0.02607,0.11421,0.01342
30.98,0,-4.30914,2.44787,-2.36590,0.45826,1.92926,0.00000,
30.98,1,-3.23735,2.49789,-3.13327,0.41266,0.04184,0.07296,0.03477
30.98,2,-2.12273,2.49429,-3.13231,0.35811,-0.02680,0.11463,0.02132
31.0,0,-4.31583,2.44136,-2.32708,0.47106,1.94154,0.00000,
31.0,1,-3.24505,2.49786,-3.13275,0.37966,0.02351,0.07227,0.04408
31.0,2,-2.12988,2.49423,-3.13283,0.33545,-0.02381,0.11517,0.02902
31.02,0,-4.32235,2.43450,-2.28842,0.47407,1.92572,0.00000,
31.02,1,-3.25303,2.49785,-3.13032,0.35176,0.35594,0.07119,0.00946
31.02,2,-2.13638,2.49416,-3.13330,0.33844,-0.02512,0.11665,0.00409
31.04,0,-4.32864,2.42737,-2.25109,0.47610,1.69884,0.00000,
31.04,1,-3.25987,2.49773,-3.12653,0.35888,0.15513,0.07108,0.01897
31.04,2,-2.14283,2.49409,-3.13309,0.29304,0.07835,0.11705,0.01093
31.06,0,-4.33460,2.42006,-2.22425,0.46154,1.07447,0.00000,
31.06,1,-3.26807,2.49760,-3.12451,0.44707,0.06407,0.06935,0.02840
31.06,2,-2.14954,2.49398,-3.13149,0.37800,0.03755,0.11854,0.01914
31.08,0,-4.34026,2.41267,-2.20251,0.46729,1.14166,0.00000,
31.08,1,-3.27729,2.49748,-3.12339,0.45959,0.05974,0.06635,0.03768
31.08,2,-2.15737,2.49391,-3.13192,0.38676,-0.05167,0.11993,0.02835
31.1,0,-4.34582,2.40510,-2.17861,0.47176,1.20940,0.00000,
31.1,1,-3.28614,2.49733,-3.12197,0.42795,0.07811,0.06368,0.04706
31.1,2,-2.16615,2.49383,-3.13281,0.46333,-0.03412,0.12000,0.03720
31.12,0,-4.35125,2.39732,-2.15521,0.47594,1.12863,0.00000,
31.12,1,-3.29699,2.49704,-3.11301,0.57419,0.56772,0.05896,0.00949
31.12,2,-2.17524,2.49375,-3.13331,0.43900,-0.02071,0.12176,0.04806
31.14,0,-4.35652,2.38938,-2.13349,0.47676,1.06010,0.00000,
31.14,1,-3.30779,2.49678,-3.10527,0.53071,0.22112,0.05422,0.01902
31.14,2,-2.18432,2.49368,-3.13376,0.50566,-0.03409,0.12347,0.01668
31.16,0,-4.36162,2.38132,-2.11263,0.47664,1.03087,0.00000,
31.16,1,-3.31772,2.49643,-3.10372,0.46979,0.01504,0.05023,0.02855
31.16,2,-2.19321,2.49361,-3.13462,0.44438,-0.04276,0.12451,0.02662
31.18,0,-4.36653,2.37327,-2.09282,0.45052,0.89211,0.00000,
31.18,1,-3.32540,2.49607,-3.10270,0.33606,0.08132,0.04835,0.03798
31.18,2,-2.20233,2.49359,-3.13572,0.48112,-0.05897,0.12307,0.03430
31.2,0,-4.37115,2.36546,-2.07359,0.45658,0.99294,0.00000,
31.2,1,-3.33255,2.49572,-3.09950,0.37618,0.18200,0.04674,0.04705
31.2,2,-2.21250,2.49354,-3.13651,0.52032,-0.02412,0.12006,0.04147
31.22,0,-4.37561,2.35741,-2.05422,0.46187,0.93508,0.00000,
31.22,1,-3.34053,2.49536,-3.09401,0.41516,0.57725,0.04424,0.00920
31.22,2,-2.22351,2.49347,-3.13681,0.60036,-0.01568,0.11703,0.00414
31.24,0,-4.37993,2.34923,-2.03628,0.46231,0.87335,0.00000,
31.24,1,-3.34923,2.49499,-3.08685,0.45655,0.11059,0.04095,0.01845
31.24,2,-2.23710,2.49340,-3.13536,0.68494,0.09405,0.11213,0.01284
31.26,0,-4.38408,2.34098,-2.01908,0.46144,0.85175,0.00000,
31.26,1,-3.35829,2.49453,-3.08629,0.44284,0.03073,0.03722,0.02768
31.26,2,-2.24926,2.49345,-3.13148,0.56986,0.20097,0.10903,0.02192
31.28,0,-4.38803,2.33278,-2.00208,0.46176,0.84243,0.00000,
31.28,1,-3.36677,2.49401,-3.08433,0.41249,0.14707,0.03391,0.03678
31.28,2,-2.25852,2.49339,-3.12980,0.32290,0.02766,0.10825,0.03041
31.3,0,-4.39209,2.32400,-1.98582,0.49591,0.78922,0.00000,
31.3,1,-3.37434,2.49352,-3.08068,0.34766,0.19240,0.03178,0.04645
31.3,2,-2.26461,2.49331,-3.12896,0.30471,0.04575,0.10973,0.03799
31.32,0,-4.39611,2.31490,-1.97049,0.49487,0.75232,0.00000,
31.32,1,-3.38240,2.49304,-3.08793,0.45101,-1.15139,0.02924,0.00995
31.32,2,-2.27132,2.49321,-3.12872,0.38363,-0.02053,0.11108,0.00438
31.34,0,-4.39992,2.30588,-1.95567,0.48592,0.73138,0.00000,
31.34,1,-3.39128,2.49254,-3.10738,0.40915,-0.53070,0.02576,0.01974
31.34,2,-2.27712,2.49314,-3.12968,0.27785,-0.05152,0.11415,0.01327
31.36,0,-4.40355,2.29690,-1.94131,0.48435,0.70628,0.00000,
31.36,1,-3.39951,2.49218,-3.10439,0.44501,0.52975,0.02285,0.02942
31.36,2,-2.28361,2.49307,-3.13052,0.38760,-0.03335,0.11591,0.02151
31.38,0,-4.40707,2.28784,-1.92750,0.48696,0.67817,0.00000,
31.38,1,-3.40877,2.49182,-3.09383,0.46552,0.42083,0.01893,0.03914
31.38,2,-2.29242,2.49298,-3.13105,0.48017,-0.02157,0.11635,0.03077
31.4,0,-4.41048,2.27870,-1.91422,0.48873,0.65207,0.00000,
31.4,1,-3.41721,2.49141,-3.08779,0.37935,0.25615,0.01580,0.04889
31.4,2,-2.30208,2.49288,-3.13145,0.48306,-0.02027,0.11513,0.03922
31.42,0,-4.41378,2.26949,-1.90145,0.48909,0.62796,0.00000,
31.42,1,-3.42484,2.49099,-3.08333,0.38532,0.21300,0.01344,0.05866
31.42,2,-2.31177,2.49278,-3.13186,0.47750,-0.02040,0.11308,0.04687
31.44,0,-4.41695,2.26023,-1.88914,0.48921,0.60515,0.00000,
31.44,1,-3.43400,2.49040,-3.06876,0.49397,0.90605,0.00954,0.01956
31.44,2,-2.32097,2.49269,-3.13200,0.41593,0.01383,0.11304,0.01302
31.46,0,-4.42002,2.25094,-1.87729,0.48961,0.58288,0.00000,
31.46,1,-3.44283,2.48976,-3.05701,0.41788,0.31910,0.00594,0.02935
31.46,2,-2.32825,2.49261,-3.13183,0.37416,-0.00709,0.11459,0.02187
31.48,0,-4.42297,2.24160,-1.86587,0.49013,0.56134,0.00000,
31.48,1,-3.45137,2.48907,-3.05343,0.43102,0.14632,0.00262,0.03915
31.48,2,-2.33600,2.49253,-3.13224,0.39376,-0.02584,0.11537,0.03044
31.5,0,-4.42582,2.23221,-1.85487,0.49055,0.54068,0.00000,
31.5,1,-3.45962,2.48833,-3.04916,0.35287,0.31285,0.00043,0.04895
31.5,2,-2.34364,2.49246,-3.13270,0.34979,-0.02089,0.11599,0.03872
31.52,0,-4.42857,2.22279,-1.84427,0.49090,0.52080,0.00000,
31.52,1,-3.46652,2.48760,-3.04205,0.41114,0.61759,0.00217,0.00982
31.52,2,-2.35132,2.49239,-3.13302,0.41627,-0.01277,0.11521,0.04566
31.54,0,-4.43118,2.21373,-1.83464,0.46072,0.48020,0.00000,
31.54,1,-3.47555,2.48667,-3.02929,0.41369,0.40839,0.00616,0.01925
31.54,2,-2.36010,2.49232,-3.13260,0.44203,0.03300,0.11546,0.01271
31.56,0,-4.43365,2.20474,-1.82454,0.46958,0.50782,0.00000,
31.56,1,-3.48341,2.48579,-3.02439,0.42044,0.20998,0.00908,0.02856
31.56,2,-2.36849,2.49224,-3.13235,0.39926,-0.00663,0.11494,0.02061
31.58,0,-4.43603,2.19562,-1.81482,0.47167,0.46589,0.00000,
31.58,1,-3.49206,2.48476,-3.01932,0.43607,0.29035,0.01274,0.03799
31.58,2,-2.37616,2.49217,-3.13270,0.37624,-0.02017,0.11592,0.02932
31.6,0,-4.43828,2.18669,-1.80512,0.46577,0.47921,0.00000,
31.6,1,-3.49928,2.48376,-3.01212,0.34002,0.33247,0.01513,0.04720
31.6,2,-2.38237,2.49211,-3.13295,0.31881,-0.01062,0.11695,0.03661
31.62,0,-4.44058,2.17713,-1.79657,0.50556,0.40195,0.00000,
31.62,1,-3.50622,2.48280,-3.00202,0.36058,0.91818,0.01691,0.00983
31.62,2,-2.38906,2.49205,-3.13315,0.34138,-0.00928,0.11720,0.04361
31.64,0,-4.44285,2.16726,-1.78854,0.50273,0.40582,0.00000,
31.64,1,-3.51340,2.48176,-2.98549,0.35956,0.57744,0.01878,0.01996
31.64,2,-2.39693,2.49199,-3.13303,0.51657,0.03111,0.11651,0.01081
31.66,0,-4.44499,2.15758,-1.78038,0.49065,0.40546,0.00000,
31.66,1,-3.52009,2.48071,-2.97975,0.33405,0.15258,0.02028,0.02987
31.66,2,-2.40653,2.49193,-3.13246,0.45691,0.02711,0.11361,0.01758
31.68,0,-4.44702,2.14802,-1.77246,0.48845,0.38730,0.00000,
31.68,1,-3.52715,2.47956,-2.97578,0.37025,0.26045,0.02221,0.03964
31.68,2,-2.41551,2.49199,-3.13176,0.43629,0.04051,0.11171,0.02474
31.7,0,-4.44898,2.13842,-1.76492,0.49153,0.36982,0.00000,
31.7,1,-3.53441,2.47834,-2.96956,0.36111,0.32950,0.02429,0.04944
31.7,2,-2.42361,2.49194,-3.13131,0.32083,0.01675,0.11088,0.03210
31.72,0,-4.45089,2.12875,-1.75767,0.49318,0.35662,0.00000,
31.72,1,-3.54131,2.47714,-2.96329,0.34335,0.29485,0.02599,0.00985
31.72,2,-2.42986,2.49185,-3.13120,0.32965,-0.00534,0.11155,0.03911
31.74,0,-4.45272,2.11906,-1.75068,0.49290,0.34389,0.00000,
31.74,1,-3.55146,2.47539,-2.95005,0.54685,0.60449,0.03086,0.01972
31.74,2,-2.43702,2.49175,-3.13131,0.44668,0.02468,0.11456,0.01376
31.76,0,-4.45448,2.10937,-1.74394,0.49250,0.33084,0.00000,
31.76,1,-3.56071,2.47374,-2.93995,0.44345,0.41434,0.03481,0.02957
31.76,2,-2.44642,2.49165,-3.13226,0.46529,-0.08406,0.11443,0.02315
31.78,0,-4.45618,2.09966,-1.73746,0.49261,0.31828,0.00000,
31.78,1,-3.56874,2.47201,-2.93242,0.32567,0.47714,0.03761,0.03942
31.78,2,-2.45532,2.49153,-3.13371,0.43347,-0.04237,0.11359,0.03136
31.8,0,-4.45781,2.08994,-1.73123,0.49288,0.30638,0.00000,
31.8,1,-3.57398,2.47044,-2.92133,0.27122,0.55558,0.03775,0.04927
31.8,2,-2.46398,2.49144,-3.13364,0.39356,0.03057,0.11020,0.03681
31.82,0,-4.45939,2.08021,-1.72523,0.49305,0.29493,0.00000,
31.82,1,-3.57981,2.46900,-2.91212,0.37015,0.63885,0.03833,0.00986
31.82,2,-2.47010,2.49138,-3.13301,0.30593,0.01999,0.10994,0.04281
31.84,0,-4.46090,2.07047,-1.71945,0.49312,0.28387,0.00000,
31.84,1,-3.58750,2.46704,-2.89920,0.38008,0.35669,0.04078,0.01972
31.84,2,-2.47638,2.49132,-3.13252,0.28638,0.08192,0.11138,0.01113
31.86,0,-4.46236,2.06071,-1.71389,0.49320,0.27322,0.00000,
31.86,1,-3.59482,2.46500,-2.89254,0.37832,0.30373,0.04288,0.02958
31.86,2,-2.48144,2.49128,-3.13043,0.24318,0.08076,0.11369,0.01872
31.88,0,-4.46377,2.05095,-1.70854,0.49329,0.26298,0.00000,
31.88,1,-3.60205,2.46311,-2.88664,0.36957,0.30151,0.04478,0.03945
31.88,2,-2.48735,2.49121,-3.12979,0.31913,0.00094,0.11506,0.02620
31.9,0,-4.46513,2.04117,-1.70339,0.49338,0.25312,0.00000,
31.9,1,-3.60855,2.46131,-2.87898,0.29757,0.44839,0.04594,0.04932
31.9,2,-2.49425,2.49113,-3.12984,0.36479,0.00339,0.11470,0.03294
31.92,0,-4.46643,2.03139,-1.69843,0.49346,0.24364,0.00000,
31.92,1,-3.61453,2.45963,-2.87242,0.31911,0.26028,0.04652,0.05918
31.92,2,-2.50140,2.49104,-3.12956,0.34491,0.01993,0.11357,0.03915
31.94,0,-4.46769,2.02160,-1.69366,0.49353,0.23451,0.00000,
31.94,1,-3.62222,2.45744,-2.85857,0.43561,0.92192,0.04881,0.01974
31.94,2,-2.50875,2.49097,-3.12884,0.50311,0.08951,0.11397,0.01116
31.96,0,-4.46890,2.01181,-1.68907,0.49360,0.22572,0.00000,
31.96,1,-3.62964,2.45499,-2.84691,0.38515,0.44103,0.05092,0.02961
31.96,2,-2.51951,2.49089,-3.12981,0.49694,-0.10672,0.11072,0.01897
31.98,0,-4.47006,2.00200,-1.68465,0.49366,0.21727,0.00000,
31.98,1,-3.63685,2.45270,-2.84011,0.37238,0.28471,0.05271,0.03948
31.98,2,-2.52937,2.49072,-3.13217,0.47874,-0.13222,0.10814,0.02654
32.0,0,-4.47118,1.99219,-1.68039,0.49372,0.20913,0.00000,
32.0,1,-3.64288,2.45064,-2.83258,0.28499,0.39979,0.05329,0.04936
32.0,2,-2.53758,2.49057,-3.13315,0.30250,0.02302,0.10602,0.03290
32.02,0,-4.47226,1.98238,-1.67630,0.49377,0.20129,0.00000,
32.02,1,-3.64856,2.44873,-2.82660,0.30881,0.25355,0.05344,0.05923
32.02,2,-2.54272,2.49049,-3.13231,0.27137,0.04728,0.10663,0.03890
32.04,0,-4.47330,1.97255,-1.67235,0.49382,0.19376,0.00000,
32.04,1,-3.65560,2.44634,-2.81453,0.39889,0.78313,0.05496,0.01975
32.04,2,-2.54938,2.49042,-3.13049,0.40129,0.16896,0.10710,0.01049
32.06,0,-4.47430,1.96273,-1.66856,0.49387,0.18650,0.00000,
32.06,1,-3.66286,2.44370,-2.80478,0.38795,0.38276,0.05672,0.02963
32.06,2,-2.55675,2.49032,-3.12841,0.36152,0.08718,0.10710,0.01821
32.08,0,-4.47527,1.95290,-1.66491,0.49391,0.17952,0.00000,
32.08,1,-3.66987,2.44119,-2.79824,0.35732,0.30173,0.05814,0.03951
32.08,2,-2.56396,2.49018,-3.12707,0.35966,0.04756,0.10699,0.02565
32.1,0,-4.47620,1.94306,-1.66139,0.49395,0.17279,0.00000,
32.1,1,-3.67635,2.43883,-2.79201,0.33919,0.32533,0.05897,0.04938
32.1,2,-2.57109,2.49008,-3.12631,0.35310,0.03748,0.10645,0.03256
32.12,0,-4.47709,1.93322,-1.65801,0.49399,0.16632,0.00000,
32.12,1,-3.68261,2.43646,-2.78229,0.37670,0.89690,0.05955,0.00988
32.12,2,-2.57698,2.48999,-3.12532,0.37160,0.04681,0.10693,0.00331
32.14,0,-4.47795,1.92338,-1.65475,0.49402,0.16010,0.00000,
32.14,1,-3.69036,2.43364,-2.76690,0.41275,0.64530,0.06156,0.01976
32.14,2,-2.58153,2.48990,-3.12674,0.21753,-0.11409,0.11025,0.01155
32.16,0,-4.47878,1.91354,-1.65161,0.49405,0.15411,0.00000,
32.16,1,-3.69692,2.43111,-2.75964,0.34326,0.27955,0.06235,0.02964
32.16,2,-2.58640,2.49002,-3.13053,0.28283,-0.16397,0.11208,0.01858
32.18,0,-4.47958,1.90369,-1.64860,0.49408,0.14834,0.00000,
32.18,1,-3.70363,2.42836,-2.75297,0.37093,0.36755,0.06332,0.03952
32.18,2,-2.59307,2.48996,-3.13079,0.34639,0.09247,0.11227,0.02583
32.2,0,-4.48035,1.89383,-1.64569,0.49411,0.14279,0.00000,
32.2,1,-3.70990,2.42569,-2.74464,0.29995,0.44533,0.06381,0.04940
32.2,2,-2.60022,2.48984,-3.12829,0.39329,0.11913,0.11154,0.03265
32.22,0,-4.48109,1.88398,-1.64289,0.49413,0.13744,0.00000,
32.22,1,-3.71599,2.42304,-2.73464,0.41639,0.83319,0.06408,0.00988
32.22,2,-2.60831,2.48971,-3.12575,0.40505,0.20778,0.10969,0.00364
32.24,0,-4.48180,1.87412,-1.64020,0.49415,0.13230,0.00000,
32.24,1,-3.72353,2.41986,-2.72257,0.35850,0.34252,0.06576,0.01977
32.24,2,-2.61604,2.48958,-3.12151,0.36897,0.16614,0.10968,0.01182
32.26,0,-4.48248,1.86426,-1.63761,0.49418,0.12735,0.00000,
32.26,1,-3.72987,2.41702,-2.71681,0.36028,0.34582,0.06621,0.02965
32.26,2,-2.62312,2.48944,-3.11961,0.34663,0.05407,0.10911,0.01876
32.28,0,-4.48314,1.85440,-1.63512,0.49419,0.12259,0.00000,
32.28,1,-3.73654,2.41399,-2.70893,0.36563,0.40813,0.06696,0.03953
32.28,2,-2.63004,2.48929,-3.11861,0.34732,0.05784,0.10906,0.02609
32.3,0,-4.48378,1.84454,-1.63271,0.49421,0.11800,0.00000,
32.3,1,-3.74207,2.41135,-2.70021,0.30052,0.36781,0.06651,0.04942
32.3,2,-2.63673,2.48913,-3.11711,0.29517,0.09178,0.10807,0.03222
32.32,0,-4.48439,1.83467,-1.63040,0.49423,0.11359,0.00000,
32.32,1,-3.74750,2.40876,-2.69380,0.29987,0.30545,0.06587,0.05930
32.32,2,-2.64282,2.48897,-3.11546,0.31085,0.07380,0.10759,0.03823
32.34,0,-4.48498,1.82481,-1.62818,0.49425,0.10934,0.00000,
32.34,1,-3.75421,2.40549,-2.68131,0.43958,0.82163,0.06661,0.01977
32.34,2,-2.65018,2.48877,-3.11297,0.47557,0.22531,0.10717,0.01047
32.36,0,-4.48554,1.81494,-1.62604,0.49426,0.10525,0.00000,
32.36,1,-3.76121,2.40197,-2.67029,0.36720,0.37436,0.06765,0.02965
32.36,2,-2.65913,2.48853,-3.10966,0.44047,0.09123,0.10548,0.01831
32.38,0,-4.48609,1.80507,-1.62398,0.49427,0.10131,0.00000,
32.38,1,-3.76806,2.39843,-2.66248,0.38960,0.39051,0.06852,0.03954
32.38,2,-2.66750,2.48826,-3.10846,0.39145,0.04950,0.10422,0.02602
32.4,0,-4.48662,1.79519,-1.62199,0.49429,0.09753,0.00000,
32.4,1,-3.77370,2.39538,-2.65388,0.28053,0.41353,0.06808,0.04943
32.4,2,-2.67468,2.48800,-3.10722,0.31375,0.08325,0.10292,0.03243
32.42,0,-4.48712,1.78532,-1.62008,0.49430,0.09388,0.00000,
32.42,1,-3.78027,2.39184,-2.64232,0.40347,0.50095,0.06860,0.00989
32.42,2,-2.67966,2.48776,-3.10526,0.26097,0.08440,0.10477,0.03988
32.44,0,-4.48761,1.77545,-1.61824,0.49431,0.09037,0.00000,
32.44,1,-3.78643,2.38852,-2.63631,0.34136,0.28836,0.06860,0.01977
32.44,2,-2.68569,2.48756,-3.10288,0.29052,0.24050,0.10519,0.01101
32.46,0,-4.48808,1.76557,-1.61647,0.49432,0.08699,0.00000,
32.46,1,-3.79300,2.38478,-2.62734,0.39302,0.50104,0.06911,0.02966
32.46,2,-2.69098,2.48735,-3.10038,0.29726,0.04228,0.10678,0.01856
32.48,0,-4.48853,1.75570,-1.61477,0.49433,0.08374,0.00000,
32.48,1,-3.79904,2.38127,-2.61766,0.31789,0.43316,0.06901,0.03954
32.48,2,-2.69861,2.48703,-3.09948,0.40318,0.05357,0.10550,0.02555
32.5,0,-4.48896,1.74582,-1.61313,0.49434,0.08061,0.00000,
32.5,1,-3.80438,2.37816,-2.61042,0.30314,0.32908,0.06806,0.04943
32.5,2,-2.70747,2.48664,-3.09780,0.45586,0.10151,0.10226,0.03173
32.52,0,-4.48938,1.73594,-1.61155,0.49434,0.07760,0.00000,
32.52,1,-3.80993,2.37486,-2.60207,0.40654,0.73211,0.06733,0.00989
32.52,2,-2.71616,2.48626,-3.09582,0.42585,0.09503,0.09943,0.03818
32.54,0,-4.48978,1.72606,-1.61003,0.49435,0.07470,0.00000,
32.54,1,-3.81755,2.37033,-2.58756,0.41067,0.55735,0.06888,0.01977
32.54,2,-2.72207,2.48595,-3.09235,0.15929,0.18729,0.10156,0.01231
32.56,0,-4.49017,1.71618,-1.60857,0.49436,0.07191,0.00000,
32.56,1,-3.82402,2.36629,-2.57906,0.38414,0.43422,0.06919,0.02966
32.56,2,-2.72354,2.48593,-3.08950,0.02259,0.11627,0.10697,0.01994
32.58,0,-4.49055,1.70630,-1.60716,0.49436,0.06922,0.00000,
32.58,1,-3.83018,2.36234,-2.57051,0.31087,0.42860,0.06916,0.03955
32.58,2,-2.72326,2.48609,-3.08737,-0.03996,0.10268,0.11382,0.02726
32.6,0,-4.49091,1.69642,-1.60580,0.49437,0.06664,0.00000,
32.6,1,-3.83509,2.35914,-2.56286,0.29225,0.34644,0.06764,0.04944
32.6,2,-2.72334,2.48627,-3.08820,0.09390,-0.10609,0.11900,0.03312
32.62,0,-4.49125,1.68654,-1.60450,0.49438,0.06415,0.00000,
32.62,1,-3.84005,2.35587,-2.55581,0.33722,0.49473,0.06616,0.00989
32.62,2,-2.72634,2.48619,-3.08939,0.18235,-0.02462,0.12131,0.03906
32.64,0,-4.49158,1.67666,-1.60324,0.49438,0.06175,0.00000,
32.64,1,-3.84695,2.35113,-2.54400,0.39232,0.36813,0.06701,0.01978
32.64,2,-2.72990,2.48611,-3.08993,0.17775,-0.02633,0.12517,0.01138
32.66,0,-4.49191,1.66678,-1.60203,0.49439,0.05945,0.00000,
32.66,1,-3.85294,2.34679,-2.53888,0.37428,0.31215,0.06689,0.02966
32.66,2,-2.73359,2.48627,-3.09261,0.19525,-0.24126,0.12801,0.01878
32.68,0,-4.49221,1.65689,-1.60087,0.49439,0.05723,0.00000,
32.68,1,-3.85894,2.34256,-2.53099,0.32647,0.42929,0.06663,0.03955
32.68,2,-2.73938,2.48609,-3.09444,0.37696,0.07286,0.12873,0.02612
32.7,0,-4.49251,1.64701,-1.59974,0.49439,0.05509,0.00000,
32.7,1,-3.86372,2.33920,-2.52315,0.29037,0.35849,0.06485,0.04944
32.7,2,-2.74762,2.48566,-3.09097,0.41288,0.20459,0.12567,0.03197
32.72,0,-4.49280,1.63713,-1.59867,0.49440,0.05304,0.00000,
32.72,1,-3.86855,2.33575,-2.51588,0.33850,0.49585,0.06311,0.00989
32.72,2,-2.75525,2.48523,-3.08732,0.39018,0.21496,0.12328,0.00301
32.74,0,-4.49307,1.62724,-1.59763,0.49440,0.05106,0.00000,
32.74,1,-3.87531,2.33067,-2.50472,0.39712,0.34925,0.06381,0.01978
32.74,2,-2.76457,2.48465,-3.08058,0.45640,0.31354,0.12137,0.01147
32.76,0,-4.49334,1.61736,-1.59663,0.49440,0.04915,0.00000,
32.76,1,-3.88115,2.32607,-2.49982,0.37362,0.29440,0.06350,0.02966
32.76,2,-2.77351,2.48409,-3.07638,0.42587,0.13489,0.11886,0.01891
32.78,0,-4.49359,1.60747,-1.59566,0.49441,0.04732,0.00000,
32.78,1,-3.88704,2.32155,-2.49216,0.34673,0.41986,0.06308,0.03955
32.78,2,-2.78116,2.48358,-3.07414,0.30886,0.14697,0.11768,0.02633
32.8,0,-4.49384,1.59759,-1.59474,0.49441,0.04555,0.00000,
32.8,1,-3.89161,2.31810,-2.48441,0.27829,0.36398,0.06095,0.04944
32.8,2,-2.78607,2.48306,-3.06963,0.24866,0.30466,0.11778,0.03206
32.82,0,-4.49408,1.58770,-1.59384,0.49441,0.04385,0.00000,
32.82,1,-3.89608,2.31466,-2.47719,0.28435,0.36239,0.05869,0.00989
32.82,2,-2.79149,2.48260,-3.06450,0.29010,0.17557,0.11728,0.03770
32.84,0,-4.49430,1.57782,-1.59299,0.49441,0.04222,0.00000,
32.84,1,-3.90199,2.30986,-2.46925,0.36806,0.15619,0.05834,0.01978
32.84,2,-2.79788,2.48220,-3.06293,0.35627,-0.13249,0.11749,0.01045
32.86,0,-4.49452,1.56793,-1.59216,0.49442,0.04064,0.00000,
32.86,1,-3.90771,2.30524,-2.46591,0.36433,0.20863,0.05767,0.02966
32.86,2,-2.80501,2.48167,-3.06508,0.35907,-0.03984,0.11672,0.01779
32.88,0,-4.49473,1.55804,-1.59136,0.49442,0.03913,0.00000,
32.88,1,-3.91320,2.30078,-2.45934,0.34542,0.41237,0.05669,0.03955
32.88,2,-2.81207,2.48111,-3.06319,0.34813,0.17861,0.11580,0.02487
32.9,0,-4.49494,1.54816,-1.59060,0.49442,0.03767,0.00000,
32.9,1,-3.91845,2.29648,-2.45045,0.33629,0.44394,0.05537,0.04944
32.9,2,-2.81887,2.48058,-3.05923,0.33646,0.18984,0.11489,0.03166
32.92,0,-4.49513,1.53827,-1.58986,0.49442,0.03626,0.00000,
32.92,1,-3.92354,2.29222,-2.44118,0.40892,0.65701,0.05387,0.00989
32.92,2,-2.82552,2.48005,-3.05603,0.33244,0.13868,0.11396,0.03829
32.94,0,-4.49532,1.52838,-1.58915,0.49442,0.03491,0.00000,
32.94,1,-3.93012,2.28678,-2.43273,0.40437,0.40700,0.05416,0.01978
32.94,2,-2.83169,2.47950,-3.05255,0.40574,0.26164,0.11520,0.01192
32.96,0,-4.49550,1.51850,-1.58846,0.49442,0.03361,0.00000,
32.96,1,-3.93562,2.28195,-2.42736,0.37596,0.37553,0.05325,0.02967
32.96,2,-2.84142,2.47882,-3.04953,0.44916,0.06527,0.11176,0.01924
32.98,0,-4.49568,1.50861,-1.58781,0.49443,0.03236,0.00000,
32.98,1,-3.94149,2.27670,-2.41726,0.39762,0.52550,0.05286,0.03955
32.98,2,-2.84953,2.47811,-3.04772,0.41746,0.14907,0.11038,0.02712
33.0,0,-4.49585,1.49872,-1.58717,0.49443,0.03115,0.00000,
33.0,1,-3.94640,2.27247,-2.40862,0.30717,0.40178,0.05101,0.04944
33.0,2,-2.85731,2.47729,-3.04336,0.29695,0.30701,0.10818,0.03360
33.02,0,-4.49601,1.48884,-1.58656,0.49443,0.02999,0.00000,
33.02,1,-3.95221,2.26729,-2.40106,0.42992,0.20761,0.05042,0.00989
33.02,2,-2.86283,2.47648,-3.03735,0.28414,0.25745,0.10929,0.04138
33.04,0,-4.49616,1.47895,-1.58597,0.49443,0.02887,0.00000,
33.04,1,-3.95787,2.26215,-2.39806,0.36272,0.22759,0.04965,0.01978
33.04,2,-2.86920,2.47583,-3.03403,0.38112,0.12911,0.10944,0.01190
33.06,0,-4.49631,1.46906,-1.58541,0.49443,0.02780,0.00000,
33.06,1,-3.96334,2.25701,-2.38879,0.38025,0.56080,0.04872,0.02967
33.06,2,-2.87638,2.47512,-3.03112,0.33395,0.13006,0.10862,0.01940
33.08,0,-4.49646,1.45917,-1.58486,0.49443,0.02676,0.00000,
33.08,1,-3.96872,2.25194,-2.37858,0.33074,0.41675,0.04764,0.03955
33.08,2,-2.88448,2.47423,-3.02786,0.45277,0.17353,0.10679,0.02680
33.1,0,-4.49660,1.44929,-1.58434,0.49443,0.02577,0.00000,
33.1,1,-3.97328,2.24771,-2.37099,0.30911,0.38228,0.04536,0.04944
33.1,2,-2.89348,2.47322,-3.02469,0.43712,0.13994,0.10309,0.03301
33.12,0,-4.49673,1.43940,-1.58384,0.49443,0.02481,0.00000,
33.12,1,-3.97780,2.24333,-2.36296,0.36166,0.50803,0.04313,0.00989
33.12,2,-2.90229,2.47219,-3.02170,0.44288,0.15411,0.09959,0.03930
33.14,0,-4.49686,1.42951,-1.58335,0.49443,0.02388,0.00000,
33.14,1,-3.98420,2.23677,-2.35273,0.43549,0.36174,0.04371,0.01978
33.14,2,-2.90975,2.47123,-3.01764,0.21692,0.27368,0.09973,0.01237
33.16,0,-4.49699,1.41962,-1.58288,0.49443,0.02299,0.00000,
33.16,1,-3.98990,2.23088,-2.34667,0.40383,0.30643,0.04329,0.02967
33.16,2,-2.91213,2.47065,-3.01517,0.07252,0.11332,0.10412,0.02056
33.18,0,-4.49710,1.40974,-1.58243,0.49444,0.02214,0.00000,
33.18,1,-3.99532,2.22529,-2.33966,0.35900,0.35211,0.04245,0.03955
33.18,2,-2.91289,2.47030,-3.01325,0.01660,0.07553,0.10981,0.02835
33.2,0,-4.49722,1.39985,-1.58200,0.49444,0.02131,0.00000,
33.2,1,-3.99957,2.22107,-2.33319,0.29227,0.38620,0.03976,0.04944
33.2,2,-2.91242,2.47024,-3.01244,-0.02881,0.03327,0.11533,0.03434
33.22,0,-4.49733,1.38996,-1.58158,0.49444,0.02052,0.00000,
33.22,1,-4.00389,2.21652,-2.32401,0.40033,0.62794,0.03736,0.00989
33.22,2,-2.91413,2.47006,-3.01005,0.19105,0.21531,0.11886,0.00332
33.24,0,-4.49744,1.38007,-1.58118,0.49444,0.01976,0.00000,
33.24,1,-4.00959,2.21031,-2.31576,0.39559,0.31731,0.03704,0.01978
33.24,2,-2.91841,2.46979,-3.01337,0.21250,-0.22817,0.12161,0.01175
33.26,0,-4.49754,1.37018,-1.58079,0.49444,0.01902,0.00000,
33.26,1,-4.01483,2.20442,-2.30957,0.38515,0.27594,0.03618,0.02967
33.26,2,-2.92266,2.46953,-3.01793,0.21256,-0.22823,0.12389,0.01963
33.28,0,-4.49764,1.36029,-1.58042,0.49444,0.01831,0.00000,
33.28,1,-4.01991,2.19874,-2.30326,0.38108,0.37994,0.03501,0.03955
33.28,2,-2.92640,2.46939,-3.02273,0.19098,-0.23958,0.12652,0.02725
33.3,0,-4.49773,1.35041,-1.58006,0.49444,0.01763,0.00000,
33.3,1,-4.02454,2.19378,-2.29603,0.32129,0.39610,0.03294,0.04944
33.3,2,-2.93192,2.46882,-3.02286,0.32248,0.23657,0.12670,0.03403
33.32,0,-4.49783,1.34052,-1.57971,0.49444,0.01698,0.00000,
33.32,1,-4.02999,2.18756,-2.28624,0.48522,0.37534,0.03235,0.00989
33.32,2,-2.93939,2.46790,-3.01690,0.39245,0.28937,0.12605,0.04230
33.34,0,-4.49791,1.33063,-1.57938,0.49444,0.01635,0.00000,
33.34,1,-4.03602,2.18070,-2.27991,0.41838,0.25730,0.03255,0.01978
33.34,2,-2.94718,2.46695,-3.01173,0.41355,0.31680,0.12584,0.01388
33.36,0,-4.49800,1.32074,-1.57906,0.49444,0.01574,0.00000,
33.36,1,-4.04155,2.17420,-2.27283,0.42931,0.42979,0.03215,0.02967
33.36,2,-2.95566,2.46592,-3.00486,0.43255,0.23576,0.12440,0.02242
33.38,0,-4.49808,1.31085,-1.57875,0.49444,0.01515,0.00000,
33.38,1,-4.04642,2.16870,-2.26579,0.31394,0.29912,0.03052,0.03956
33.38,2,-2.96483,2.46467,-3.00108,0.47794,0.18309,0.12136,0.02976
33.4,0,-4.49816,1.30096,-1.57846,0.49444,0.01459,0.00000,
33.4,1,-4.05052,2.16405,-2.25862,0.30996,0.38658,0.02774,0.04944
33.4,2,-2.97421,2.46333,-2.99693,0.46429,0.22546,0.11715,0.03596
33.42,0,-4.49823,1.29108,-1.57817,0.49444,0.01405,0.00000,
33.42,1,-4.05609,2.15702,-2.24843,0.47776,0.42783,0.02770,0.00989
33.42,2,-2.98312,2.46202,-2.99231,0.44075,0.22966,0.11548,0.04492
33.44,0,-4.49831,1.28119,-1.57790,0.49444,0.01353,0.00000,
33.44,1,-4.06124,2.15039,-2.24052,0.40595,0.38654,0.02710,0.01978
33.44,2,-2.99113,2.46086,-2.98588,0.35196,0.26532,0.11424,0.01332
33.46,0,-4.49838,1.27130,-1.57763,0.49444,0.01302,0.00000,
33.46,1,-4.06621,2.14395,-2.23333,0.40665,0.34519,0.02620,0.02967
33.46,2,-2.99791,2.45966,-2.97882,0.30788,0.46354,0.11398,0.02146
33.48,0,-4.49845,1.26141,-1.57738,0.49444,0.01254,0.00000,
33.48,1,-4.07042,2.13892,-2.22839,0.31434,0.34241,0.02366,0.03956
33.48,2,-3.00554,2.45831,-2.97296,0.44037,0.18142,0.11174,0.02801
33.5,0,-4.49851,1.25152,-1.57713,0.49444,0.01207,0.00000,
33.5,1,-4.07441,2.13389,-2.21955,0.32561,0.46548,0.02100,0.04944
33.5,2,-3.01340,2.45682,-2.97073,0.37800,0.12292,0.10907,0.03443
33.52,0,-4.49857,1.24163,-1.57689,0.49444,0.01162,0.00000,
33.52,1,-4.07880,2.12790,-2.20997,0.44683,0.46390,0.01935,0.00989
33.52,2,-3.02078,2.45550,-2.96882,0.34280,0.22455,0.10758,0.00417
33.54,0,-4.49863,1.23174,-1.57667,0.49444,0.01119,0.00000,
33.54,1,-4.08378,2.12079,-2.20074,0.39849,0.45345,0.01893,0.01978
33.54,2,-3.02475,2.45464,-2.96431,0.12736,0.23891,0.11041,0.01284
33.56,0,-4.49869,1.22186,-1.57645,0.49444,0.01078,0.00000,
33.56,1,-4.08830,2.11421,-2.19217,0.40016,0.37123,0.01780,0.02967
33.56,2,-3.02659,2.45402,-2.95936,0.09118,0.24865,0.11477,0.02082
33.58,0,-4.49875,1.21197,-1.57624,0.49444,0.01038,0.00000,
33.58,1,-4.09284,2.10793,-2.18624,0.33755,0.16589,0.01638,0.03956
33.58,2,-3.02765,2.45345,-2.95172,0.06953,0.63414,0.11983,0.02858
33.6,0,-4.49880,1.20208,-1.57603,0.49444,0.00999,0.00000,
33.6,1,-4.09678,2.10272,-2.18066,0.33056,0.39885,0.01370,0.04944
33.6,2,-3.03052,2.45270,-2.94182,0.18395,0.24378,0.12222,0.03510
33.62,0,-4.49885,1.19219,-1.57584,0.49444,0.00962,0.00000,
33.62,1,-4.10181,2.09537,-2.17134,0.48367,0.38501,0.01340,0.00989
33.62,2,-3.03455,2.45191,-2.94376,0.20324,-0.18952,0.12523,0.04400
33.64,0,-4.49890,1.18230,-1.57565,0.49444,0.00926,0.00000,
33.64,1,-4.10675,2.08830,-2.16289,0.42070,0.41447,0.01277,0.01978
33.64,2,-3.03852,2.45115,-2.94255,0.13288,0.65828,0.12817,0.01359
33.66,0,-4.49895,1.17241,-1.57547,0.49444,0.00892,0.00000,
33.66,1,-4.11123,2.08123,-2.15560,0.41496,0.31794,0.01193,0.02967
33.66,2,-3.04364,2.45035,-2.95550,0.33882,-0.22430,0.12960,0.02195
33.68,0,-4.49900,1.16252,-1.57529,0.49444,0.00859,0.00000,
33.68,1,-4.11537,2.07525,-2.15105,0.34472,0.28040,0.00993,0.03956
33.68,2,-3.05095,2.44887,-2.95425,0.38330,-0.16799,0.12809,0.02923
33.7,0,-4.49904,1.15263,-1.57512,0.49444,0.00827,0.00000,
33.7,1,-4.11929,2.06946,-2.14346,0.35283,0.41408,0.00764,0.04944
33.7,2,-3.05933,2.44736,-2.95926,0.46476,-0.07600,0.12531,0.03622
33.72,0,-4.49908,1.14275,-1.57496,0.49444,0.00796,0.00000,
33.72,1,-4.12316,2.06355,-2.13582,0.35143,0.34544,0.00541,0.05933
33.72,2,-3.06880,2.44555,-2.95507,0.49134,0.36930,0.12143,0.04328
33.74,0,-4.49913,1.13286,-1.57481,0.49444,0.00767,0.00000,
33.74,1,-4.12790,2.05570,-2.12688,0.55571,0.45734,0.00529,0.01978
33.74,2,-3.07578,2.44384,-2.96141,0.31443,-0.59408,0.12144,0.01270
33.76,0,-4.49916,1.12297,-1.57466,0.49444,0.00738,0.00000,
33.76,1,-4.13306,2.04726,-2.11647,0.46841,0.54449,0.00584,0.02967
33.76,2,-3.07988,2.44230,-2.97107,0.11903,-0.39696,0.12484,0.02259
33.78,0,-4.49920,1.11308,-1.57451,0.49444,0.00711,0.00000,
33.78,1,-4.13805,2.03938,-2.10613,0.45804,0.43956,0.00578,0.03956
33.78,2,-3.08105,2.44103,-2.97422,0.04385,0.06914,0.13074,0.03191
33.8,0,-4.49924,1.10319,-1.57437,0.49444,0.00685,0.00000,
33.8,1,-4.14212,2.03321,-2.10218,0.32029,0.16159,0.00377,0.04944
33.8,2,-3.08300,2.44002,-2.96996,0.19509,0.35214,0.13457,0.03931
33.82,0,-4.49928,1.09330,-1.57424,0.49444,0.00659,0.00000,
33.82,1,-4.14547,2.02766,-2.09603,0.32866,0.37600,0.00089,0.05933
33.82,2,-3.08767,2.43906,-2.96518,0.29304,-0.01803,0.13498,0.04578
33.84,0,-4.49931,1.08341,-1.57411,0.49444,0.00635,0.00000,
33.84,1,-4.14976,2.01973,-2.08436,0.45452,0.66467,0.00056,0.01978
33.84,2,-3.09345,2.43810,-2.96555,0.29304,-0.01790,0.13614,0.01228
33.86,0,-4.49934,1.07352,-1.57398,0.49444,0.00611,0.00000,
33.86,1,-4.15412,2.01175,-2.07106,0.45456,0.66489,0.00028,0.02967
33.86,2,-3.09938,2.43721,-2.96481,0.30185,0.14907,0.13732,0.02137
33.88,0,-4.49937,1.06364,-1.57386,0.49444,0.00589,0.00000,
33.88,1,-4.15834,2.00431,-2.06096,0.43855,0.28348,0.00059,0.03956
33.88,2,-3.10668,2.43589,-2.95741,0.41322,0.48252,0.13678,0.02993
33.9,0,-4.49940,1.05375,-1.57375,0.49444,0.00567,0.00000,
33.9,1,-4.16225,1.99768,-2.06001,0.33328,-0.00959,0.00234,0.04944
33.9,2,-3.11495,2.43432,-2.94810,0.41343,0.42347,0.13467,0.03762
33.92,0,-4.49943,1.04386,-1.57364,0.49444,0.00546,0.00000,
33.92,1,-4.16602,1.99057,-2.05456,0.50274,0.37275,0.00371,0.00989
33.92,2,-3.12263,2.43280,-2.94058,0.37521,0.34923,0.13323,0.04567
33.94,0,-4.49946,1.03397,-1.57353,0.49444,0.00526,0.00000,
33.94,1,-4.17016,1.98244,-2.04559,0.40322,0.52467,0.00401,0.01978
33.94,2,-3.13252,2.43091,-2.92942,0.59083,0.61737,0.13041,0.01382
33.96,0,-4.49949,1.02408,-1.57343,0.49444,0.00506,0.00000,
33.96,1,-4.17407,1.97524,-2.03682,0.41947,0.30688,0.00529,0.02967
33.96,2,-3.14272,2.42868,-2.92010,0.49885,0.38349,0.12663,0.02201
33.98,0,-4.49951,1.01419,-1.57333,0.49444,0.00487,0.00000,
33.98,1,-4.17770,1.96861,-2.03487,0.34770,0.06596,0.00722,0.03956
33.98,2,-3.15195,2.42651,-2.91397,0.44914,0.28689,0.12331,0.02956
34.0,0,-4.49954,1.00430,-1.57323,0.49444,0.00469,0.00000,
34.0,1,-4.18099,1.96223,-2.02983,0.36419,0.34581,0.00951,0.04944
34.0,2,-3.15813,2.42470,-2.90415,0.29648,0.49884,0.12255,0.03674
34.02,0,-4.49956,0.99441,-1.57314,0.49444,0.00452,0.00000,
34.02,1,-4.18419,1.95575,-2.02326,0.35743,0.28760,0.01174,0.05933
34.02,2,-3.16409,2.42305,-2.89484,0.32400,0.38630,0.12204,0.04397
34.04,0,-4.49959,0.98452,-1.57305,0.49444,0.00435,0.00000,
34.04,1,-4.18787,1.94768,-2.01410,0.49899,0.60186,0.01234,0.01978
34.04,2,-3.17205,2.42129,-2.89054,0.45602,-0.06444,0.12081,0.01246
34.06,0,-4.49961,0.97464,-1.57297,0.49444,0.00419,0.00000,
34.06,1,-4.19194,1.93880,-2.00178,0.46934,0.64155,0.01206,0.02967
34.06,2,-3.18099,2.41946,-2.89183,0.45605,-0.06499,0.11939,0.02223
34.08,0,-4.49963,0.96475,-1.57288,0.49444,0.00404,0.00000,
34.08,1,-4.19596,1.93047,-1.99155,0.45385,0.32562,0.01234,0.03956
34.08,2,-3.18925,2.41743,-2.89195,0.42977,0.20129,0.11830,0.03148
34.1,0,-4.49965,0.95486,-1.57281,0.49444,0.00389,0.00000,
34.1,1,-4.19946,1.92320,-1.98991,0.31957,-0.13807,0.01380,0.04944
34.1,2,-3.19699,2.41517,-2.88110,0.34602,0.72890,0.11668,0.03955
34.12,0,-4.49967,0.94497,-1.57273,0.49444,0.00374,0.00000,
34.12,1,-4.20240,1.91714,-1.98722,0.40337,0.36377,0.01660,0.00989
34.12,2,-3.20398,2.41313,-2.87169,0.37153,0.29510,0.11483,0.04628
34.14,0,-4.49969,0.93508,-1.57266,0.49444,0.00361,0.00000,
34.14,1,-4.20599,1.90833,-1.97681,0.42688,0.61774,0.01660,0.01978
34.14,2,-3.21100,2.41113,-2.86198,0.33815,0.59078,0.11481,0.01300
34.16,0,-4.49971,0.92519,-1.57259,0.49444,0.00347,0.00000,
34.16,1,-4.20948,1.90071,-1.96800,0.42719,0.29858,0.01778,0.02967
34.16,2,-3.21836,2.40896,-2.85103,0.40965,0.44657,0.11383,0.02138
34.18,0,-4.49973,0.91530,-1.57252,0.49444,0.00334,0.00000,
34.18,1,-4.21284,1.89282,-1.96381,0.40327,0.07421,0.01875,0.03956
34.18,2,-3.22621,2.40661,-2.84422,0.40020,0.28941,0.11239,0.02995
34.2,0,-4.49974,0.90541,-1.57245,0.49444,0.00322,0.00000,
34.2,1,-4.21576,1.88646,-1.96318,0.35528,0.19186,0.02132,0.04944
34.2,2,-3.23353,2.40437,-2.83830,0.37012,0.31384,0.11042,0.03695
34.22,0,-4.49976,0.89552,-1.57239,0.49444,0.00310,0.00000,
34.22,1,-4.21858,1.87973,-1.95760,0.36809,0.28862,0.02358,0.05933
34.22,2,-3.24088,2.40211,-2.83496,0.42530,-0.77397,0.10850,0.00368
34.24,0,-4.49977,0.88564,-1.57233,0.49444,0.00299,0.00000,
34.24,1,-4.22174,1.87142,-1.94847,0.48026,0.65992,0.02425,0.01978
34.24,2,-3.24925,2.39960,-2.86171,0.43645,-1.32379,0.10666,0.01256
34.26,0,-4.49979,0.87575,-1.57227,0.49444,0.00288,0.00000,
34.26,1,-4.22507,1.86241,-1.93527,0.48037,0.65996,0.02419,0.02967
34.26,2,-3.25705,2.39742,-2.87158,0.38460,0.29419,0.10602,0.02217
34.28,0,-4.49980,0.86586,-1.57221,0.49444,0.00277,0.00000,
34.28,1,-4.22828,1.85392,-1.92400,0.45323,0.31314,0.02469,0.03956
34.28,2,-3.26380,2.39546,-2.85658,0.34985,0.81816,0.10611,0.03125
34.3,0,-4.49982,0.85597,-1.57216,0.49444,0.00267,0.00000,
34.3,1,-4.23139,1.84652,-1.92537,0.35103,-0.18663,0.02628,0.04944
34.3,2,-3.27077,2.39337,-2.84479,0.37128,0.40942,0.10537,0.03927
34.32,0,-4.49983,0.84608,-1.57211,0.49444,0.00257,0.00000,
34.32,1,-4.23448,1.83811,-1.92696,0.50398,-0.18178,0.02691,0.00989
34.32,2,-3.27774,2.39123,-2.83843,0.33896,0.25607,0.10511,0.04823
34.34,0,-4.49985,0.83619,-1.57206,0.49444,0.00247,0.00000,
34.34,1,-4.23763,1.82987,-1.92540,0.40400,0.37142,0.02769,0.01978
34.34,2,-3.28499,2.38901,-2.83092,0.44595,0.68824,0.10461,0.01385
34.36,0,-4.49986,0.82630,-1.57201,0.49444,0.00238,0.00000,
34.36,1,-4.24069,1.82199,-1.91882,0.43810,0.21065,0.02886,0.02967
34.36,2,-3.29348,2.38634,-2.81246,0.42685,0.76505,0.10259,0.02230
34.38,0,-4.49987,0.81641,-1.57196,0.49444,0.00230,0.00000,
34.38,1,-4.24370,1.81471,-1.91865,0.36130,-0.01331,0.03064,0.03956
34.38,2,-3.30234,2.38330,-2.80210,0.49381,0.34748,0.09976,0.03017
34.4,0,-4.49988,0.80653,-1.57192,0.49444,0.00221,0.00000,
34.4,1,-4.24641,1.80791,-1.91690,0.36845,0.15688,0.03297,0.04944
34.4,2,-3.31162,2.38000,-2.79656,0.49582,0.30260,0.09596,0.03748
34.42,0,-4.49989,0.79664,-1.57187,0.49444,0.00213,0.00000,
34.42,1,-4.24915,1.80005,-1.91134,0.51167,0.56417,0.03426,0.00989
34.42,2,-3.32082,2.37668,-2.78928,0.48090,0.39629,0.09284,0.04581
34.44,0,-4.49990,0.78675,-1.57183,0.49444,0.00205,0.00000,
34.44,1,-4.25220,1.79039,-1.89974,0.47512,0.66576,0.03376,0.01978
34.44,2,-3.32851,2.37378,-2.78488,0.28638,-0.08519,0.09249,0.01475
34.46,0,-4.49991,0.77686,-1.57179,0.49444,0.00197,0.00000,
34.46,1,-4.25520,1.78185,-1.88638,0.45594,0.49761,0.03436,0.02967
34.46,2,-3.33246,2.37183,-2.78768,0.15062,-0.06252,0.09523,0.02380
34.48,0,-4.49992,0.76697,-1.57175,0.49444,0.00190,0.00000,
34.48,1,-4.25809,1.77373,-1.88389,0.35222,-0.21256,0.03540,0.03956
34.48,2,-3.33455,2.37034,-2.78853,0.10787,-0.03973,0.09949,0.03242
34.5,0,-4.49993,0.75708,-1.57172,0.49444,0.00183,0.00000,
34.5,1,-4.26058,1.76714,-1.88456,0.36751,0.15426,0.03803,0.04944
34.5,2,-3.33629,2.36886,-2.78231,0.14673,0.73865,0.10290,0.03946
34.52,0,-4.49994,0.74719,-1.57168,0.49444,0.00176,0.00000,
34.52,1,-4.26292,1.76017,-1.87941,0.34074,0.34861,0.04034,0.05933
34.52,2,-3.34000,2.36697,-2.76793,0.22690,0.41802,0.10454,0.04681
34.54,0,-4.49995,0.73730,-1.57164,0.49444,0.00170,0.00000,
34.54,1,-4.26552,1.75112,-1.87150,0.50759,0.46306,0.04057,0.01978
34.54,2,-3.34560,2.36525,-2.77440,0.33683,-0.81639,0.10608,0.01303
34.56,0,-4.49996,0.72741,-1.57161,0.49444,0.00164,0.00000,
34.56,1,-4.26824,1.74191,-1.86115,0.46614,0.46232,0.04062,0.02967
34.56,2,-3.35254,2.36296,-2.78412,0.40109,-0.09200,0.10645,0.02263
34.58,0,-4.49997,0.71753,-1.57158,0.49444,0.00158,0.00000,
34.58,1,-4.27093,1.73287,-1.85710,0.47062,0.04486,0.04085,0.03956
34.58,2,-3.36025,2.35969,-2.77993,0.40812,0.36126,0.10555,0.03206
34.6,0,-4.49997,0.70764,-1.57155,0.49444,0.00152,0.00000,
34.6,1,-4.27338,1.72562,-1.85945,0.36384,-0.00942,0.04289,0.04944
34.6,2,-3.36830,2.35665,-2.76921,0.43699,0.59652,0.10335,0.03971
34.62,0,-4.49998,0.69775,-1.57152,0.49444,0.00146,0.00000,
34.62,1,-4.27565,1.71842,-1.85634,0.38559,0.22555,0.04503,0.05933
34.62,2,-3.37630,2.35362,-2.75738,0.45021,0.76604,0.10105,0.00383
34.64,0,-4.49999,0.68786,-1.57149,0.49444,0.00141,0.00000,
34.64,1,-4.27841,1.70840,-1.84947,0.50064,0.50165,0.04432,0.01978
34.64,2,-3.38598,2.35001,-2.74245,0.51997,0.69928,0.09913,0.01421
34.66,0,-4.50000,0.67797,-1.57146,0.49444,0.00136,0.00000,
34.66,1,-4.28137,1.69934,-1.83810,0.47511,0.57153,0.04450,0.02967
34.66,2,-3.39425,2.34660,-2.73298,0.41861,0.38630,0.09814,0.02375
34.68,0,-4.50000,0.66808,-1.57144,0.49444,0.00131,0.00000,
34.68,1,-4.28418,1.69034,-1.82958,0.43304,0.14534,0.04480,0.03956
34.68,2,-3.40206,2.34314,-2.72467,0.43077,0.42886,0.09740,0.03317
34.7,0,-4.50001,0.65819,-1.57141,0.49444,0.00126,0.00000,
34.7,1,-4.28640,1.68363,-1.83050,0.35577,0.01936,0.04745,0.04944
34.7,2,-3.40860,2.34005,-2.71437,0.34518,0.46368,0.09609,0.04024
34.72,0,-4.50001,0.64830,-1.57139,0.49444,0.00121,0.00000,
34.72,1,-4.28839,1.67539,-1.82564,0.48585,0.38688,0.04867,0.00989
34.72,2,-3.41520,2.33698,-2.70781,0.40711,-0.24053,0.09551,0.00476
34.74,0,-4.50002,0.63841,-1.57136,0.49444,0.00117,0.00000,
34.74,1,-4.29040,1.66643,-1.81658,0.43358,0.51629,0.04917,0.01978
34.74,2,-3.42370,2.33303,-2.71440,0.42117,-0.47637,0.09340,0.01394
34.76,0,-4.50003,0.62853,-1.57134,0.49444,0.00113,0.00000,
34.76,1,-4.29239,1.65814,-1.80698,0.42709,0.34560,0.05035,0.02967
34.76,2,-3.43090,2.32954,-2.72408,0.39110,-0.39386,0.09222,0.02247
34.78,0,-4.50003,0.61864,-1.57132,0.49444,0.00108,0.00000,
34.78,1,-4.29456,1.64971,-1.80620,0.39378,-0.18877,0.05134,0.03956
34.78,2,-3.43796,2.32645,-2.72242,0.35519,0.52330,0.09167,0.03117
34.8,0,-4.50004,0.60875,-1.57130,0.49444,0.00104,0.00000,
34.8,1,-4.29663,1.64175,-1.80736,0.41814,0.05320,0.05284,0.04944
34.8,2,-3.44424,2.32352,-2.70951,0.36562,0.57967,0.09150,0.03940
34.82,0,-4.50004,0.59886,-1.57128,0.49444,0.00101,0.00000,
34.82,1,-4.29862,1.63360,-1.80499,0.47117,0.17221,0.05417,0.00989
34.82,2,-3.45090,2.32038,-2.70071,0.34344,0.28010,0.09100,0.04778
34.84,0,-4.50005,0.58897,-1.57126,0.49444,0.00097,0.00000,
34.84,1,-4.30088,1.62285,-1.79755,0.54422,0.43085,0.05289,0.01978
34.84,2,-3.45950,2.31643,-2.69362,0.51891,0.16785,0.09040,0.01521
34.86,0,-4.50005,0.57908,-1.57124,0.49444,0.00093,0.00000,
34.86,1,-4.30316,1.61220,-1.78894,0.54394,0.42747,0.05172,0.02967
34.86,2,-3.46834,2.31210,-2.69246,0.47773,0.03716,0.08940,0.02610
34.88,0,-4.50006,0.56919,-1.57122,0.49444,0.00090,0.00000,
34.88,1,-4.30537,1.60228,-1.78368,0.49464,0.07400,0.05128,0.03956
34.88,2,-3.47687,2.30776,-2.68751,0.46903,0.42946,0.08817,0.03626
34.9,0,-4.50006,0.55930,-1.57120,0.49444,0.00087,0.00000,
34.9,1,-4.30730,1.59465,-1.78613,0.37222,-0.06995,0.05313,0.04944
34.9,2,-3.48424,2.30410,-2.67636,0.37888,0.55247,0.08662,0.04413
34.92,0,-4.50006,0.54941,-1.57118,0.49444,0.00083,0.00000,
34.92,1,-4.30916,1.58480,-1.78365,0.59064,0.21646,0.05284,0.00989
34.92,2,-3.49105,2.30068,-2.66698,0.38331,0.42367,0.08710,0.05415
34.94,0,-4.50007,0.53953,-1.57117,0.49444,0.00080,0.00000,
34.94,1,-4.31114,1.57502,-1.77550,0.48092,0.44639,0.05258,0.01978
34.94,2,-3.49813,2.29718,-2.65509,0.37250,0.63957,0.08742,0.01582
34.96,0,-4.50007,0.52964,-1.57115,0.49444,0.00077,0.00000,
34.96,1,-4.31337,1.56554,-1.76907,0.48813,0.16614,0.05260,0.02967
34.96,2,-3.50491,2.29344,-2.64183,0.41178,0.62658,0.08786,0.02555
34.98,0,-4.50007,0.51975,-1.57114,0.49444,0.00075,0.00000,
34.98,1,-4.31529,1.55676,-1.76966,0.37906,-0.17340,0.05334,0.03956
34.98,2,-3.51253,2.28924,-2.63319,0.45108,0.29861,0.08671,0.03454
35.0,0,-4.50008,0.50986,-1.57112,0.49444,0.00072,0.00000,
35.0,1,-4.31691,1.54913,-1.77049,0.39965,0.05215,0.05529,0.04944
35.0,2,-3.52120,2.28441,-2.62530,0.51426,0.45567,0.08342,0.04234
35.02,0,-4.50008,0.49997,-1.57111,0.49444,0.00069,0.00000,
35.02,1,-4.31867,1.53889,-1.76675,0.57258,0.36003,0.05464,0.00989
35.02,2,-3.52996,2.27947,-2.61589,0.48757,0.46125,0.08190,0.05272
35.04,0,-4.50008,0.49008,-1.57109,0.49444,0.00067,0.00000,
35.04,1,-4.32061,1.52835,-1.75814,0.53405,0.43465,0.05366,0.01978
35.04,2,-3.54083,2.27323,-2.60515,0.66422,0.43868,0.07838,0.01669
35.06,0,-4.50009,0.48019,-1.57108,0.49444,0.00064,0.00000,
35.06,1,-4.32276,1.51815,-1.74999,0.49601,0.32731,0.05300,0.02967
35.06,2,-3.55159,2.26663,-2.59988,0.60746,0.16494,0.07468,0.02711
35.08,0,-4.50009,0.47030,-1.57107,0.49444,0.00062,0.00000,
35.08,1,-4.32465,1.50950,-1.74970,0.37987,-0.15612,0.05390,0.03956
35.08,2,-3.56157,2.26026,-2.59663,0.57763,0.26623,0.07049,0.03596
35.1,0,-4.50009,0.46041,-1.57106,0.49444,0.00060,0.00000,
35.1,1,-4.32617,1.50169,-1.75095,0.40888,0.01257,0.05571,0.04944
35.1,2,-3.56951,2.25519,-2.58829,0.43332,0.42755,0.06784,0.04392
35.12,0,-4.50010,0.45053,-1.57104,0.49444,0.00057,0.00000,
35.12,1,-4.32777,1.49085,-1.74556,0.52818,0.50221,0.05450,0.00989
35.12,2,-3.57686,2.25052,-2.58009,0.43701,0.40146,0.06816,0.05487
35.14,0,-4.50010,0.44064,-1.57103,0.49444,0.00055,0.00000,
35.14,1,-4.32953,1.48042,-1.73580,0.53074,0.45201,0.05368,0.01978
35.14,2,-3.58427,2.24581,-2.57272,0.45365,0.59939,0.06828,0.01631
35.16,0,-4.50010,0.43075,-1.57102,0.49444,0.00053,0.00000,
35.16,1,-4.33154,1.47032,-1.72910,0.50203,0.14641,0.05315,0.02967
35.16,2,-3.59189,2.24092,-2.55644,0.45991,0.83535,0.06813,0.02660
35.18,0,-4.50010,0.42086,-1.57101,0.49444,0.00051,0.00000,
35.18,1,-4.33312,1.46172,-1.73120,0.37130,-0.21164,0.05417,0.03956
35.18,2,-3.59997,2.23548,-2.54552,0.52951,0.38346,0.06594,0.03535
35.2,0,-4.50010,0.41097,-1.57100,0.49444,0.00049,0.00000,
35.2,1,-4.33442,1.45406,-1.73273,0.40088,0.01640,0.05617,0.04944
35.2,2,-3.60940,2.22913,-2.53839,0.58153,0.36505,0.06132,0.04312
35.22,0,-4.50011,0.40108,-1.57099,0.49444,0.00048,0.00000,
35.22,1,-4.33578,1.44451,-1.73017,0.52083,0.29215,0.05629,0.00989
35.22,2,-3.61865,2.22277,-2.53097,0.54506,0.38347,0.05828,0.05276
35.24,0,-4.50011,0.39119,-1.57098,0.49444,0.00046,0.00000,
35.24,1,-4.33720,1.43419,-1.72432,0.52089,0.29245,0.05564,0.01978
35.24,2,-3.62669,2.21711,-2.52259,0.45975,0.43728,0.05726,0.01589
35.26,0,-4.50011,0.38130,-1.57097,0.49444,0.00044,0.00000,
35.26,1,-4.33872,1.42444,-1.72030,0.50140,0.03750,0.05555,0.02967
35.26,2,-3.63413,2.21184,-2.51383,0.41912,0.42441,0.05662,0.02575
35.28,0,-4.50011,0.37141,-1.57097,0.49444,0.00043,0.00000,
35.28,1,-4.34024,1.41570,-1.72326,0.37715,-0.22652,0.05645,0.03956
35.28,2,-3.63961,2.20782,-2.50465,0.32796,0.49030,0.05751,0.03462
35.3,0,-4.50011,0.36153,-1.57096,0.49444,0.00041,0.00000,
35.3,1,-4.34156,1.40796,-1.72474,0.40278,0.02669,0.05838,0.04944
35.3,2,-3.64424,2.20439,-2.48587,0.28951,0.90915,0.05856,0.04247
35.32,0,-4.50012,0.35164,-1.57095,0.49444,0.00040,0.00000,
35.32,1,-4.34284,1.39995,-1.72371,0.40372,0.04022,0.06005,0.00989
35.32,2,-3.64880,2.20072,-2.47512,0.30289,0.54121,0.05968,0.05058
35.34,0,-4.50012,0.34175,-1.57094,0.49444,0.00038,0.00000,
35.34,1,-4.34410,1.38999,-1.72023,0.51558,0.18235,0.05979,0.01978
35.34,2,-3.65323,2.19710,-2.45775,0.29372,0.83986,0.06242,0.01410
35.36,0,-4.50012,0.33186,-1.57093,0.49444,0.00037,0.00000,
35.36,1,-4.34528,1.38047,-1.71528,0.46135,0.27994,0.05998,0.02967
35.36,2,-3.65861,2.19271,-2.44753,0.38724,0.28191,0.06360,0.02369
35.38,0,-4.50012,0.32197,-1.57093,0.49444,0.00035,0.00000,
35.38,1,-4.34661,1.37136,-1.71354,0.38866,-0.13813,0.06056,0.03956
35.38,2,-3.66483,2.18754,-2.44330,0.40488,0.22273,0.06347,0.03289
35.4,0,-4.50012,0.31208,-1.57092,0.49444,0.00034,0.00000,
35.4,1,-4.34791,1.36386,-1.71686,0.38984,-0.16310,0.06274,0.04944
35.4,2,-3.67077,2.18254,-2.43747,0.37332,0.33782,0.06243,0.04050
35.42,0,-4.50012,0.30219,-1.57091,0.49444,0.00033,0.00000,
35.42,1,-4.34919,1.35407,-1.71682,0.58350,0.27160,0.06265,0.00989
35.42,2,-3.67629,2.17785,-2.43052,0.35744,0.33999,0.06368,0.05037
35.44,0,-4.50012,0.29230,-1.57091,0.49444,0.00032,0.00000,
35.44,1,-4.35054,1.34396,-1.70937,0.50076,0.37166,0.06224,0.01978
35.44,2,-3.68200,2.17306,-2.42912,0.36818,-0.38498,0.06506,0.01600
35.46,0,-4.50012,0.28241,-1.57090,0.49444,0.00030,0.00000,
35.46,1,-4.35227,1.33396,-1.70425,0.50768,0.13474,0.06189,0.02967
35.46,2,-3.68767,2.16836,-2.43683,0.36823,-0.38539,0.06673,0.02614
35.48,0,-4.50013,0.27253,-1.57089,0.49444,0.00029,0.00000,
35.48,1,-4.35364,1.32482,-1.70513,0.38417,-0.17183,0.06244,0.03956
35.48,2,-3.69345,2.16315,-2.43915,0.40768,0.18411,0.06708,0.03538
35.5,0,-4.50013,0.26264,-1.57089,0.49444,0.00028,0.00000,
35.5,1,-4.35474,1.31701,-1.70678,0.40431,-0.01493,0.06435,0.04944
35.5,2,-3.69974,2.15777,-2.43103,0.41743,0.50209,0.06578,0.04327
35.52,0,-4.50013,0.25275,-1.57088,0.49444,0.00027,0.00000,
35.52,1,-4.35582,1.30781,-1.70584,0.57992,0.16832,0.06488,0.00989
35.52,2,-3.70614,2.15230,-2.42132,0.41947,0.43375,0.06548,0.05253
35.54,0,-4.50013,0.24286,-1.57088,0.49444,0.00026,0.00000,
35.54,1,-4.35694,1.29673,-1.70108,0.55372,0.24135,0.06356,0.01978
35.54,2,-3.71216,2.14708,-2.40980,0.37751,0.72964,0.06716,0.01631
35.56,0,-4.50013,0.23297,-1.57087,0.49444,0.00025,0.00000,
35.56,1,-4.35810,1.28583,-1.69622,0.51624,0.24620,0.06240,0.02967
35.56,2,-3.71779,2.14205,-2.39802,0.38397,0.43747,0.06916,0.02727
35.58,0,-4.50013,0.22308,-1.57087,0.49444,0.00024,0.00000,
35.58,1,-4.35936,1.27620,-1.69493,0.40244,-0.15522,0.06248,0.03956
35.58,2,-3.72357,2.13675,-2.39157,0.39583,0.27688,0.06994,0.03698
35.6,0,-4.50013,0.21319,-1.57086,0.49444,0.00024,0.00000,
35.6,1,-4.36051,1.26881,-1.69795,0.39087,-0.06932,0.06481,0.04944
35.6,2,-3.72932,2.13139,-2.38563,0.38820,0.32290,0.06886,0.04446
35.62,0,-4.50013,0.20330,-1.57086,0.49444,0.00023,0.00000,
35.62,1,-4.36158,1.25997,-1.69725,0.50479,0.18200,0.06571,0.00989
35.62,2,-3.73488,2.12615,-2.37881,0.37729,0.34517,0.06913,0.05336
35.64,0,-4.50013,0.19341,-1.57085,0.49444,0.00022,0.00000,
35.64,1,-4.36266,1.25027,-1.69320,0.45090,0.24734,0.06576,0.01978
35.64,2,-3.74038,2.12086,-2.37144,0.47185,0.52232,0.07012,0.01466
35.66,0,-4.50013,0.18353,-1.57085,0.49444,0.00021,0.00000,
35.66,1,-4.36385,1.24119,-1.68988,0.46879,0.04821,0.06641,0.02967
35.66,2,-3.74769,2.11381,-2.36324,0.49836,0.44742,0.06823,0.02382
35.68,0,-4.50013,0.17364,-1.57085,0.49444,0.00020,0.00000,
35.68,1,-4.36499,1.23230,-1.69143,0.41857,-0.13313,0.06725,0.03956
35.68,2,-3.75384,2.10778,-2.35720,0.41755,0.34963,0.06769,0.03278
35.7,0,-4.50013,0.16375,-1.57084,0.49444,0.00020,0.00000,
35.7,1,-4.36604,1.22377,-1.69282,0.43524,-0.02142,0.06847,0.04944
35.7,2,-3.75962,2.10193,-2.34929,0.37126,0.35175,0.06720,0.04138
35.72,0,-4.50013,0.15386,-1.57084,0.49444,0.00019,0.00000,
35.72,1,-4.36712,1.21305,-1.69184,0.68223,0.11766,0.06751,0.00989
35.72,2,-3.76458,2.09696,-2.34307,0.35171,0.30430,0.06974,0.05215
35.74,0,-4.50013,0.14397,-1.57083,0.49444,0.00018,0.00000,
35.74,1,-4.36831,1.20109,-1.68759,0.57698,0.24062,0.06531,0.01978
35.74,2,-3.76989,2.09171,-2.33513,0.36226,0.40252,0.07299,0.01831
35.76,0,-4.50013,0.13408,-1.57083,0.49444,0.00017,0.00000,
35.76,1,-4.36964,1.18977,-1.68318,0.55045,0.15310,0.06373,0.02967
35.76,2,-3.77514,2.08614,-2.32632,0.40878,0.40994,0.07560,0.02970
35.78,0,-4.50013,0.12419,-1.57083,0.49444,0.00017,0.00000,
35.78,1,-4.37081,1.18045,-1.68345,0.39217,-0.11207,0.06414,0.03956
35.78,2,-3.78093,2.07999,-2.32016,0.43738,0.25163,0.07571,0.03910
35.8,0,-4.50013,0.11430,-1.57082,0.49444,0.00016,0.00000,
35.8,1,-4.37179,1.17244,-1.68465,0.41444,-0.02263,0.06589,0.04944
35.8,2,-3.78747,2.07300,-2.31433,0.49614,0.32124,0.07351,0.04717
35.82,0,-4.50014,0.10442,-1.57082,0.49444,0.00016,0.00000,
35.82,1,-4.37276,1.16407,-1.68481,0.42311,-0.00792,0.06728,0.05933
35.82,2,-3.79406,2.06587,-2.30775,0.47007,0.32383,0.07151,0.05560
35.84,0,-4.50014,0.09453,-1.57082,0.49444,0.00015,0.00000,
35.84,1,-4.37377,1.15299,-1.68340,0.58147,0.17832,0.06598,0.01978
35.84,2,-3.79996,2.05943,-2.30066,0.36886,0.51790,0.07280,0.01536
35.86,0,-4.50014,0.08464,-1.57081,0.49444,0.00015,0.00000,
35.86,1,-4.37482,1.14140,-1.67984,0.58151,0.17842,0.06417,0.02967
35.86,2,-3.80406,2.05526,-2.29034,0.23611,0.43001,0.07745,0.02699
35.88,0,-4.50014,0.07475,-1.57081,0.49444,0.00014,0.00000,
35.88,1,-4.37594,1.13065,-1.67677,0.52670,0.05868,0.06318,0.03956
35.88,2,-3.80764,2.05192,-2.28304,0.26513,0.23546,0.08245,0.03780
35.9,0,-4.50014,0.06486,-1.57081,0.49444,0.00013,0.00000,
35.9,1,-4.37701,1.12263,-1.67924,0.36992,-0.13724,0.06491,0.04944
35.9,2,-3.81187,2.04722,-2.27942,0.33951,0.18574,0.08362,0.04589
35.92,0,-4.50014,0.05497,-1.57081,0.49444,0.00013,0.00000,
35.92,1,-4.37785,1.11442,-1.68444,0.43314,-0.15282,0.06649,0.00989
35.92,2,-3.81659,2.04151,-2.27459,0.48804,0.40396,0.08374,0.00427
35.94,0,-4.50014,0.04508,-1.57080,0.49444,0.00013,0.00000,
35.94,1,-4.37871,1.10609,-1.68376,0.43294,0.09900,0.06793,0.01978
35.94,2,-3.82307,2.03377,-2.27184,0.47140,0.15519,0.08136,0.01265
35.96,0,-4.50014,0.03519,-1.57080,0.49444,0.00012,0.00000,
35.96,1,-4.37981,1.09654,-1.68292,0.50058,-0.00395,0.06815,0.02967
35.96,2,-3.82903,2.02649,-2.26803,0.46359,0.23180,0.08081,0.02225
35.98,0,-4.50014,0.02530,-1.57080,0.49444,0.00012,0.00000,
35.98,1,-4.38092,1.08683,-1.68343,0.47169,-0.02888,0.06820,0.03956
35.98,2,-3.83477,2.01963,-2.26215,0.43465,0.33322,0.08092,0.03203
36.0,0,-4.50014,0.01542,-1.57080,0.49444,0.00011,0.00000,
36.0,1,-4.38194,1.07786,-1.68377,0.43902,-0.00764,0.06900,0.04944
36.0,2,-3.83963,2.01410,-2.25706,0.35084,0.27891,0.08196,0.04106
36.02,0,-4.50014,0.00553,-1.57079,0.49444,0.00011,0.00000,
36.02,1,-4.38292,1.06908,-1.68377,0.50208,0.02680,0.07000,0.00989
36.02,2,-3.84424,2.00859,-2.25050,0.36532,0.33958,0.08298,0.04989
36.04,0,-4.50014,-0.00436,-1.57079,0.49444,0.00010,0.00000,
36.04,1,-4.38397,1.05579,-1.68125,0.69773,0.16844,0.06650,0.01978
36.04,2,-3.84905,2.00263,-2.24378,0.47707,0.43348,0.08750,0.01781
36.06,0,-4.50014,-0.01425,-1.57079,0.49444,0.00010,0.00000,
36.06,1,-4.38514,1.04382,-1.67782,0.58380,0.06947,0.06430,0.02967
36.06,2,-3.85514,1.99451,-2.23444,0.49755,0.46258,0.08845,0.02984
36.08,0,-4.50014,-0.02414,-1.57079,0.49444,0.00010,0.00000,
36.08,1,-4.38635,1.03391,-1.67950,0.36209,-0.22648,0.06415,0.03956
36.08,2,-3.86079,1.98699,-2.22566,0.46020,0.41364,0.08838,0.03982
36.1,0,-4.50014,-0.03403,-1.57079,0.49444,0.00009,0.00000,
36.1,1,-4.38755,1.02720,-1.68447,0.34030,-0.25021,0.06719,0.04944
36.1,2,-3.86655,1.97982,-2.21910,0.45597,0.25090,0.08578,0.04661
36.12,0,-4.50014,-0.04392,-1.57078,0.49444,0.00009,0.00000,
36.12,1,-4.38874,1.02029,-1.68853,0.36568,-0.10069,0.07002,0.05933
36.12,2,-3.87138,1.97373,-2.21584,0.32430,0.23809,0.08476,0.00358
36.14,0,-4.50014,-0.05381,-1.57078,0.49444,0.00009,0.00000,
36.14,1,-4.38962,1.01065,-1.68448,0.61541,0.64641,0.07018,0.01978
36.14,2,-3.87446,1.96979,-2.20964,0.24631,0.30880,0.08874,0.01325
36.16,0,-4.50014,-0.06370,-1.57078,0.49444,0.00008,0.00000,
36.16,1,-4.39051,0.99920,-1.67062,0.56728,0.69284,0.06853,0.02967
36.16,2,-3.87778,1.96518,-2.20387,0.32022,0.27690,0.09363,0.02474
36.18,0,-4.50014,-0.07358,-1.57078,0.49444,0.00008,0.00000,
36.18,1,-4.39186,0.98838,-1.65973,0.55204,0.39517,0.06747,0.03956
36.18,2,-3.88193,1.95956,-2.19813,0.35968,0.28659,0.09691,0.03563
36.2,0,-4.50014,-0.08347,-1.57078,0.49444,0.00008,0.00000,
36.2,1,-4.39316,0.97775,-1.65614,0.51824,-0.02846,0.06661,0.04944
36.2,2,-3.88593,1.95409,-2.19251,0.32913,0.27520,0.10023,0.04634
36.22,0,-4.50014,-0.09336,-1.57078,0.49444,0.00007,0.00000,
36.22,1,-4.39398,0.96999,-1.65889,0.37928,-0.09781,0.06864,0.05933
36.22,2,-3.89004,1.94838,-2.18731,0.36299,0.25152,0.10055,0.05415
36.24,0,-4.50014,-0.10325,-1.57077,0.49444,0.00007,0.00000,
36.24,1,-4.39459,0.95991,-1.65622,0.56631,0.44147,0.06839,0.01978
36.24,2,-3.89476,1.94153,-2.19791,0.44195,-1.20771,0.10155,0.01383
36.26,0,-4.50013,-0.11314,-1.57077,0.49444,0.00007,0.00000,
36.26,1,-4.39537,0.94954,-1.64997,0.52645,0.16944,0.06783,0.02967
36.26,2,-3.89975,1.93428,-2.22174,0.42138,-1.04873,0.10243,0.02424
36.28,0,-4.50013,-0.12303,-1.57077,0.49444,0.00007,0.00000,
36.28,1,-4.39653,0.93937,-1.64724,0.49302,0.09106,0.06744,0.03956
36.28,2,-3.90460,1.92788,-2.22676,0.41860,0.26802,0.10415,0.03446
36.3,0,-4.50013,-0.13292,-1.57077,0.49444,0.00006,0.00000,
36.3,1,-4.39730,0.93011,-1.64816,0.36661,-0.17288,0.06799,0.04944
36.3,2,-3.90958,1.92167,-2.21841,0.36004,0.41310,0.10503,0.04376
36.32,0,-4.50013,-0.14281,-1.57077,0.49444,0.00006,0.00000,
36.32,1,-4.39798,0.92090,-1.64300,0.49425,0.43378,0.06860,0.00989
36.32,2,-3.91408,1.91608,-2.20903,0.35591,0.43169,0.10659,0.05299
36.34,0,-4.50013,-0.15270,-1.57077,0.49444,0.00006,0.00000,
36.34,1,-4.39892,0.91179,-1.63599,0.41349,0.17278,0.06929,0.01978
36.34,2,-3.91862,1.90997,-2.20085,0.45130,0.65350,0.10772,0.01410
36.36,0,-4.50013,-0.16258,-1.57077,0.49444,0.00006,0.00000,
36.36,1,-4.39966,0.90237,-1.63709,0.50796,-0.16041,0.06968,0.02967
36.36,2,-3.92395,1.90251,-2.18418,0.42975,0.71728,0.10751,0.02355
36.38,0,-4.50013,-0.17247,-1.57077,0.49444,0.00006,0.00000,
36.38,1,-4.40029,0.89220,-1.64024,0.46513,-0.15676,0.06934,0.03956
36.38,2,-3.92897,1.89509,-2.16927,0.47509,0.63330,0.10813,0.03373
36.4,0,-4.50013,-0.18236,-1.57077,0.49444,0.00005,0.00000,
36.4,1,-4.40089,0.88419,-1.64306,0.40231,-0.07584,0.07116,0.04944
36.4,2,-3.93465,1.88679,-2.16178,0.51552,0.22147,0.10571,0.04176
36.42,0,-4.50013,-0.19225,-1.57076,0.49444,0.00005,0.00000,
36.42,1,-4.40150,0.87567,-1.64354,0.53446,0.02262,0.07247,0.00989
36.42,2,-3.94034,1.87837,-2.15776,0.49723,0.22698,0.10366,0.05031
36.44,0,-4.50013,-0.20214,-1.57076,0.49444,0.00005,0.00000,
36.44,1,-4.40211,0.86450,-1.64154,0.53359,0.12571,0.07113,0.01978
36.44,2,-3.94524,1.87128,-2.15121,0.30422,0.36396,0.10560,0.01567
36.46,0,-4.50013,-0.21203,-1.57076,0.49444,0.00005,0.00000,
36.46,1,-4.40272,0.85384,-1.63905,0.53246,0.11707,0.07031,0.02967
36.46,2,-3.94865,1.86729,-2.14615,0.25623,0.24395,0.11052,0.02634
36.48,0,-4.50013,-0.22192,-1.57076,0.49444,0.00005,0.00000,
36.48,1,-4.40338,0.84364,-1.63852,0.48872,-0.04701,0.06994,0.03956
36.48,2,-3.95166,1.86372,-2.13974,0.25748,0.45848,0.11562,0.03657
36.5,0,-4.50013,-0.23181,-1.57076,0.49444,0.00004,0.00000,
36.5,1,-4.40401,0.83540,-1.64064,0.37747,-0.10161,0.07153,0.04944
36.5,2,-3.95505,1.85870,-2.13052,0.31323,0.48032,0.11746,0.04483
36.52,0,-4.50013,-0.24170,-1.57076,0.49444,0.00004,0.00000,
36.52,1,-4.40460,0.82734,-1.64168,0.47869,-0.01028,0.07330,0.00989
36.52,2,-3.95863,1.85311,-2.12011,0.33652,0.53611,0.11852,0.00419
36.54,0,-4.50013,-0.25158,-1.57076,0.49444,0.00004,0.00000,
36.54,1,-4.40520,0.81579,-1.64022,0.54304,0.11734,0.07159,0.01978
36.54,2,-3.96276,1.84597,-2.10094,0.43819,0.66089,0.12117,0.01576
36.56,0,-4.50013,-0.26147,-1.57076,0.49444,0.00004,0.00000,
36.56,1,-4.40581,0.80495,-1.63788,0.54306,0.11736,0.07058,0.02967
36.56,2,-3.96731,1.83840,-2.09494,0.45747,0.05252,0.12263,0.02662
36.58,0,-4.50013,-0.27136,-1.57076,0.49444,0.00004,0.00000,
36.58,1,-4.40644,0.79467,-1.63663,0.51002,-0.01506,0.07015,0.03956
36.58,2,-3.97193,1.83050,-2.09404,0.45011,0.11248,0.12327,0.03691
36.6,0,-4.50013,-0.28125,-1.57076,0.49444,0.00004,0.00000,
36.6,1,-4.40707,0.78704,-1.63908,0.37385,-0.11060,0.07234,0.04944
36.6,2,-3.97628,1.82295,-2.08970,0.42538,0.27587,0.12191,0.04457
36.62,0,-4.50013,-0.29114,-1.57076,0.49444,0.00004,0.00000,
36.62,1,-4.40765,0.77914,-1.64022,0.40776,-0.02668,0.07427,0.05933
36.62,2,-3.98058,1.81534,-2.08379,0.52893,0.38217,0.12076,0.00404
36.64,0,-4.50013,-0.30103,-1.57075,0.49444,0.00003,0.00000,
36.64,1,-4.40821,0.77034,-1.63954,0.47866,0.05108,0.07530,0.01978
36.64,2,-3.98636,1.80435,-2.07571,0.63047,0.38758,0.11676,0.01286
36.66,0,-4.50013,-0.31092,-1.57075,0.49444,0.00003,0.00000,
36.66,1,-4.40876,0.76098,-1.63879,0.45813,0.00806,0.07578,0.02967
36.66,2,-3.99181,1.79425,-2.06726,0.50217,0.43006,0.11423,0.02224
36.68,0,-4.50013,-0.32081,-1.57075,0.49444,0.00003,0.00000,
36.68,1,-4.40941,0.75140,-1.63959,0.49055,-0.06222,0.07604,0.03956
36.68,2,-3.99638,1.78601,-2.06396,0.39483,-0.05182,0.11400,0.03183
36.7,0,-4.50013,-0.33070,-1.57075,0.49444,0.00003,0.00000,
36.7,1,-4.41008,0.74192,-1.64090,0.44258,-0.07114,0.07638,0.04944
36.7,2,-4.00013,1.77998,-2.06493,0.34919,0.00874,0.11608,0.04135
36.72,0,-4.50013,-0.34058,-1.57075,0.49444,0.00003,0.00000,
36.72,1,-4.41073,0.73103,-1.64326,0.59573,-0.18805,0.07534,0.00989
36.72,2,-4.00366,1.77368,-2.06240,0.37418,0.21618,0.11929,0.05225
36.74,0,-4.50013,-0.35047,-1.57075,0.49444,0.00003,0.00000,
36.74,1,-4.41131,0.72017,-1.64676,0.47628,-0.05928,0.07432,0.01978
36.74,2,-4.00800,1.76504,-2.06591,0.50920,-0.50362,0.12001,0.01684
36.76,0,-4.50013,-0.36036,-1.57075,0.49444,0.00003,0.00000,
36.76,1,-4.41201,0.71001,-1.64609,0.52787,0.05816,0.07399,0.02967
36.76,2,-4.01251,1.75698,-2.07324,0.46615,-0.46618,0.12060,0.02702
36.78,0,-4.50013,-0.37025,-1.57075,0.49444,0.00003,0.00000,
36.78,1,-4.41280,0.70184,-1.64733,0.39880,-0.12579,0.07564,0.03956
36.78,2,-4.01744,1.74930,-2.08177,0.45577,-0.38080,0.11959,0.03522
36.8,0,-4.50013,-0.38014,-1.57075,0.49444,0.00003,0.00000,
36.8,1,-4.41355,0.69370,-1.64975,0.41643,-0.07092,0.07733,0.04944
36.8,2,-4.02268,1.74027,-2.08321,0.57254,0.21320,0.11717,0.04339
36.82,0,-4.50012,-0.39003,-1.57075,0.49444,0.00003,0.00000,
36.82,1,-4.41417,0.68417,-1.64887,0.58939,0.30519,0.07763,0.00989
36.82,2,-4.02845,1.72984,-2.07564,0.59901,0.41810,0.11454,0.05295
36.84,0,-4.50012,-0.39992,-1.57075,0.49444,0.00002,0.00000,
36.84,1,-4.41478,0.67254,-1.64262,0.54199,0.34256,0.07584,0.01978
36.84,2,-4.03345,1.72050,-2.06437,0.52236,0.70151,0.11519,0.01701
36.86,0,-4.50012,-0.40981,-1.57075,0.49444,0.00002,0.00000,
36.86,1,-4.41574,0.66197,-1.63729,0.53549,0.18811,0.07510,0.02967
36.86,2,-4.03825,1.71164,-2.04566,0.44869,1.65214,0.11548,0.02761
36.88,0,-4.50012,-0.41970,-1.57075,0.49444,0.00002,0.00000,
36.88,1,-4.41661,0.65162,-1.63644,0.46553,-0.07807,0.07457,0.03956
36.88,2,-4.04286,1.70577,-2.01913,0.27591,1.01017,0.11844,0.03800
36.9,0,-4.50012,-0.42958,-1.57075,0.49444,0.00002,0.00000,
36.9,1,-4.41722,0.64400,-1.63841,0.38800,-0.05271,0.07678,0.04944
36.9,2,-4.04691,1.70225,-1.99212,0.26225,1.08481,0.12117,0.04565
36.92,0,-4.50012,-0.43947,-1.57075,0.49444,0.00002,0.00000,
36.92,1,-4.41773,0.63551,-1.63862,0.53923,0.03769,0.07814,0.00989
36.92,2,-4.04954,1.69754,-1.97793,0.25716,0.56398,0.12405,0.05415
36.94,0,-4.50012,-0.44936,-1.57075,0.49444,0.00002,0.00000,
36.94,1,-4.41825,0.62486,-1.63288,0.51257,0.31517,0.07733,0.01978
36.94,2,-4.05212,1.69125,-1.96332,0.43836,1.37953,0.12750,0.01517
36.96,0,-4.50012,-0.45925,-1.57075,0.49444,0.00002,0.00000,
36.96,1,-4.41907,0.61492,-1.63088,0.51203,-0.05439,0.07722,0.02967
36.96,2,-4.05552,1.68254,-1.94071,0.45099,0.88934,0.12783,0.02515
36.98,0,-4.50012,-0.46914,-1.57075,0.49444,0.00002,0.00000,
36.98,1,-4.41988,0.60472,-1.63278,0.50406,-0.09944,0.07685,0.03956
36.98,2,-4.05874,1.67412,-1.92826,0.44070,0.38298,0.12874,0.03538
37.0,0,-4.50012,-0.47903,-1.57075,0.49444,0.00002,0.00000,
37.0,1,-4.42041,0.59661,-1.63490,0.40449,-0.05151,0.07859,0.04944
37.0,2,-4.06172,1.66633,-1.92809,0.35117,-0.33217,0.12825,0.04350
37.02,0,-4.50012,-0.48892,-1.57075,0.49444,0.00002,0.00000,
37.02,1,-4.42087,0.58600,-1.63296,0.58625,0.35505,0.07783,0.00989
37.02,2,-4.06452,1.65938,-1.93054,0.39170,0.04843,0.13098,0.05412
37.04,0,-4.50012,-0.49881,-1.57074,0.49444,0.00002,0.00000,
37.04,1,-4.42139,0.57474,-1.62554,0.56241,0.37087,0.07643,0.01978
37.04,2,-4.06781,1.65058,-1.92670,0.46940,0.33409,0.13246,0.01739
37.06,0,-4.50012,-0.50870,-1.57074,0.49444,0.00002,0.00000,
37.06,1,-4.42234,0.56412,-1.62040,0.53648,0.12093,0.07563,0.02967
37.06,2,-4.07133,1.64187,-1.92001,0.46971,0.34038,0.13347,0.02805
37.08,0,-4.50012,-0.51858,-1.57074,0.49444,0.00002,0.00000,
37.08,1,-4.42295,0.55379,-1.62117,0.46255,-0.14115,0.07515,0.03956
37.08,2,-4.07459,1.63297,-1.91303,0.52728,0.18902,0.13401,0.03839
37.1,0,-4.50012,-0.52847,-1.57074,0.49444,0.00002,0.00000,
37.1,1,-4.42339,0.54619,-1.62383,0.38711,-0.07282,0.07740,0.04944
37.1,2,-4.07852,1.62225,-1.91342,0.57455,-0.12387,0.12998,0.04601
37.12,0,-4.50012,-0.53836,-1.57074,0.49444,0.00001,0.00000,
37.12,1,-4.42379,0.53769,-1.62432,0.53992,0.02019,0.07876,0.00989
37.12,2,-4.08228,1.61242,-1.91908,0.43562,-1.17775,0.12768,0.00451
37.14,0,-4.50012,-0.54825,-1.57074,0.49444,0.00001,0.00000,
37.14,1,-4.42419,0.52706,-1.62272,0.51197,0.09267,0.07799,0.01978
37.14,2,-4.08570,1.60443,-1.94256,0.41415,-1.16728,0.12930,0.01515
37.16,0,-4.50012,-0.55814,-1.57074,0.49444,0.00001,0.00000,
37.16,1,-4.42463,0.51683,-1.62089,0.51121,0.08541,0.07762,0.02967
37.16,2,-4.08859,1.59765,-1.96036,0.36878,-0.80080,0.13185,0.02539
37.18,0,-4.50012,-0.56803,-1.57074,0.49444,0.00001,0.00000,
37.18,1,-4.42517,0.50687,-1.62051,0.48520,-0.03711,0.07751,0.03956
37.18,2,-4.09152,1.59020,-1.97209,0.47467,-0.72563,0.13354,0.03536
37.2,0,-4.50012,-0.57792,-1.57074,0.49444,0.00001,0.00000,
37.2,1,-4.42563,0.49818,-1.62208,0.40456,-0.08079,0.07867,0.04944
37.2,2,-4.09529,1.58182,-1.97842,0.45182,0.02021,0.13288,0.04407
37.22,0,-4.50011,-0.58781,-1.57074,0.49444,0.00001,0.00000,
37.22,1,-4.42607,0.48984,-1.62310,0.42727,-0.03387,0.08018,0.05933
37.22,2,-4.09953,1.57226,-1.97923,0.66643,-0.07385,0.13061,0.00424
37.24,0,-4.50011,-0.59770,-1.57074,0.49444,0.00001,0.00000,
37.24,1,-4.42651,0.47867,-1.62304,0.64853,0.04821,0.07888,0.01978
37.24,2,-4.10444,1.56007,-1.98264,0.63788,-0.35673,0.12834,0.01541
37.26,0,-4.50011,-0.60758,-1.57074,0.49444,0.00001,0.00000,
37.26,1,-4.42697,0.46669,-1.62158,0.59699,0.07413,0.07676,0.02967
37.26,2,-4.10882,1.54960,-1.98692,0.50113,0.04527,0.12868,0.02740
37.28,0,-4.50011,-0.61747,-1.57074,0.49444,0.00001,0.00000,
37.28,1,-4.42749,0.45559,-1.62041,0.53953,0.00335,0.07552,0.03956
37.28,2,-4.11248,1.54140,-1.98139,0.40151,0.28674,0.13058,0.03851
37.3,0,-4.50011,-0.62736,-1.57074,0.49444,0.00001,0.00000,
37.3,1,-4.42800,0.44665,-1.62187,0.34733,-0.11525,0.07643,0.04944
37.3,2,-4.11570,1.53509,-1.97801,0.35996,0.14225,0.13236,0.04747
37.32,0,-4.50011,-0.63725,-1.57074,0.49444,0.00001,0.00000,
37.32,1,-4.42848,0.43884,-1.62285,0.46946,0.17926,0.07847,0.00989
37.32,2,-4.11886,1.52813,-1.97517,0.39999,0.18040,0.13244,0.05529
37.34,0,-4.50011,-0.64714,-1.57074,0.49444,0.00001,0.00000,
37.34,1,-4.42906,0.43015,-1.61986,0.40023,0.09623,0.07963,0.01978
37.34,2,-4.12218,1.52042,-1.96740,0.40920,0.60057,0.13264,0.01294
37.36,0,-4.50011,-0.65703,-1.57074,0.49444,0.00001,0.00000,
37.36,1,-4.42958,0.42062,-1.62004,0.52148,-0.06855,0.07995,0.02967
37.36,2,-4.12572,1.51209,-1.95951,0.47123,0.23186,0.13297,0.02249
37.38,0,-4.50011,-0.66692,-1.57074,0.49444,0.00001,0.00000,
37.38,1,-4.43007,0.41014,-1.62156,0.51211,-0.06548,0.07933,0.03956
37.38,2,-4.12922,1.50358,-1.95628,0.44328,0.15396,0.13408,0.03298
37.4,0,-4.50011,-0.67681,-1.57074,0.49444,0.00001,0.00000,
37.4,1,-4.43055,0.40052,-1.62247,0.42866,-0.05196,0.07957,0.04944
37.4,2,-4.13241,1.49573,-1.95238,0.41237,0.22623,0.13507,0.04261
37.42,0,-4.50011,-0.68669,-1.57074,0.49444,0.00001,0.00000,
37.42,1,-4.43100,0.39239,-1.62343,0.47747,-0.01822,0.08129,0.00989
37.42,2,-4.13540,1.48852,-1.94865,0.35829,0.12128,0.13529,0.00419
37.44,0,-4.50011,-0.69658,-1.57074,0.49444,0.00001,0.00000,
37.44,1,-4.43145,0.38037,-1.62303,0.56173,0.04929,0.07914,0.01978
37.44,2,-4.13841,1.48139,-1.95472,0.38234,-0.42420,0.13934,0.01621
37.46,0,-4.50011,-0.70647,-1.57074,0.49444,0.00001,0.00000,
37.46,1,-4.43194,0.37017,-1.62220,0.50944,-0.00851,0.07880,0.02967
37.46,2,-4.14120,1.47399,-1.96039,0.41545,-0.06030,0.14147,0.02642
37.48,0,-4.50011,-0.71636,-1.57074,0.49444,0.00001,0.00000,
37.48,1,-4.43246,0.36047,-1.62334,0.39379,-0.11202,0.07895,0.03956
37.48,2,-4.14420,1.46630,-1.95475,0.41119,0.49057,0.14278,0.03614
37.5,0,-4.50011,-0.72625,-1.57074,0.49444,0.00001,0.00000,
37.5,1,-4.43297,0.35299,-1.62561,0.38088,-0.10296,0.08133,0.04944
37.5,2,-4.14775,1.45773,-1.94757,0.48876,0.25740,0.14096,0.04363
37.52,0,-4.50011,-0.73614,-1.57074,0.49444,0.00001,0.00000,
37.52,1,-4.43343,0.34491,-1.62661,0.47844,0.00397,0.08310,0.00989
37.52,2,-4.15135,1.44887,-1.94361,0.43550,0.09347,0.13943,0.05173
37.54,0,-4.50011,-0.74603,-1.57074,0.49444,0.00001,0.00000,
37.54,1,-4.43388,0.33367,-1.62487,0.55569,0.10674,0.08172,0.01978
37.54,2,-4.15500,1.43923,-1.93906,0.62999,0.27490,0.14020,0.01544
37.56,0,-4.50011,-0.75592,-1.57074,0.49444,0.00001,0.00000,
37.56,1,-4.43433,0.32261,-1.62271,0.53085,0.11968,0.08053,0.02967
37.56,2,-4.15914,1.42769,-1.93313,0.55250,0.38596,0.13882,0.02651
37.58,0,-4.50010,-0.76581,-1.57074,0.49444,0.00001,0.00000,
37.58,1,-4.43487,0.31236,-1.62207,0.53046,-0.03833,0.08014,0.03956
37.58,2,-4.16288,1.41784,-1.92796,0.52807,0.12668,0.13844,0.03677
37.6,0,-4.50010,-0.77569,-1.57074,0.49444,0.00001,0.00000,
37.6,1,-4.43540,0.30439,-1.62422,0.38539,-0.10833,0.08202,0.04944
37.6,2,-4.16631,1.41002,-1.93010,0.36512,-0.17733,0.13791,0.04476
37.62,0,-4.50010,-0.78558,-1.57074,0.49444,0.00001,0.00000,
37.62,1,-4.43587,0.29586,-1.62586,0.56801,-0.00818,0.08335,0.00989
37.62,2,-4.16940,1.40337,-1.93294,0.36905,-0.03964,0.13912,0.05330
37.64,0,-4.50010,-0.79547,-1.57074,0.49444,0.00001,0.00000,
37.64,1,-4.43632,0.28499,-1.62518,0.53820,0.03703,0.08235,0.01978
37.64,2,-4.17225,1.39592,-1.92942,0.49604,0.37446,0.14189,0.01554
37.66,0,-4.50010,-0.80536,-1.57074,0.49444,0.00001,0.00000,
37.66,1,-4.43679,0.27460,-1.62445,0.47869,0.02118,0.08181,0.02967
37.66,2,-4.17602,1.38534,-1.91735,0.53476,0.75318,0.14095,0.02594
37.68,0,-4.50010,-0.81525,-1.57074,0.49444,0.00001,0.00000,
37.68,1,-4.43734,0.26461,-1.62518,0.44677,-0.09082,0.08168,0.03956
37.68,2,-4.17991,1.37537,-1.90243,0.53459,0.72460,0.14021,0.03595
37.7,0,-4.50010,-0.82514,-1.57074,0.49444,0.00001,0.00000,
37.7,1,-4.43787,0.25650,-1.62665,0.41958,-0.02442,0.08343,0.04944
37.7,2,-4.18348,1.36594,-1.89154,0.49828,0.26197,0.13824,0.04408
37.72,0,-4.50010,-0.83503,-1.57074,0.49444,0.00000,0.00000,
37.72,1,-4.43836,0.24621,-1.62910,0.53874,-0.25084,0.08300,0.00989
37.72,2,-4.18641,1.35836,-1.89232,0.38409,0.01438,0.14033,0.05437
37.74,0,-4.50010,-0.84492,-1.57074,0.49444,0.00000,0.00000,
37.74,1,-4.43880,0.23671,-1.62961,0.47489,0.11575,0.08336,0.01978
37.74,2,-4.18928,1.34921,-1.89243,0.50110,-0.08823,0.14014,0.01517
37.76,0,-4.50010,-0.85481,-1.57074,0.49444,0.00000,0.00000,
37.76,1,-4.43938,0.22714,-1.62882,0.42618,-0.04309,0.08365,0.02967
37.76,2,-4.19248,1.34049,-1.89265,0.42015,-0.04178,0.14039,0.02475
37.78,0,-4.50010,-0.86469,-1.57074,0.49444,0.00000,0.00000,
37.78,1,-4.43997,0.21879,-1.62978,0.43721,-0.02588,0.08515,0.03956
37.78,2,-4.19556,1.33187,-1.89329,0.49795,0.20497,0.13960,0.03313
37.8,0,-4.50010,-0.87458,-1.57074,0.49444,0.00000,0.00000,
37.8,1,-4.44054,0.20990,-1.62965,0.44554,0.02088,0.08612,0.04944
37.8,2,-4.19897,1.32163,-1.88771,0.55932,0.27269,0.13768,0.04203
37.82,0,-4.50010,-0.88447,-1.57074,0.49444,0.00000,0.00000,
37.82,1,-4.44104,0.20147,-1.62917,0.41812,0.01828,0.08755,0.00989
37.82,2,-4.20251,1.31095,-1.88259,0.48324,0.24158,0.13483,0.00407
37.84,0,-4.50010,-0.89436,-1.57074,0.49444,0.00000,0.00000,
37.84,1,-4.44154,0.18906,-1.62662,0.61401,0.22450,0.08500,0.01978
37.84,2,-4.20554,1.30401,-1.88872,0.35826,-0.26793,0.13966,0.01649
37.86,0,-4.50010,-0.90425,-1.57074,0.49444,0.00000,0.00000,
37.86,1,-4.44205,0.17679,-1.62213,0.61323,0.22929,0.08260,0.02967
37.86,2,-4.20818,1.29879,-1.89499,0.20754,-0.36969,0.14612,0.02877
37.88,0,-4.50010,-0.91414,-1.57074,0.49444,0.00000,0.00000,
37.88,1,-4.44274,0.16521,-1.61860,0.53789,0.07291,0.08088,0.03956
37.88,2,-4.21014,1.29468,-1.89887,0.26744,0.11667,0.15316,0.04037
37.9,0,-4.50010,-0.92403,-1.57074,0.49444,0.00000,0.00000,
37.9,1,-4.44324,0.15667,-1.61936,0.36793,-0.06906,0.08219,0.04944
37.9,2,-4.21224,1.28877,-1.89056,0.33190,0.58837,0.15543,0.04893
37.92,0,-4.50010,-0.93392,-1.57074,0.49444,0.00000,0.00000,
37.92,1,-4.44365,0.14656,-1.61976,0.55891,-0.00456,0.08195,0.00989
37.92,2,-4.21449,1.28169,-1.88283,0.38329,0.36084,0.15803,0.05905
37.94,0,-4.50009,-0.94381,-1.57074,0.49444,0.00000,0.00000,
37.94,1,-4.44410,0.13719,-1.61934,0.43104,-0.03561,0.08245,0.01978
37.94,2,-4.21687,1.27255,-1.87375,0.68484,0.44913,0.15787,0.01496
37.96,0,-4.50009,-0.95369,-1.57074,0.49444,0.00000,0.00000,
37.96,1,-4.44461,0.12791,-1.62154,0.45796,-0.12357,0.08303,0.02967
37.96,2,-4.22049,1.25978,-1.87016,0.61070,0.30608,0.15384,0.02426
37.98,0,-4.50009,-0.96358,-1.57074,0.49444,0.00000,0.00000,
37.98,1,-4.44510,0.11996,-1.62361,0.39923,-0.08352,0.08494,0.03956
37.98,2,-4.22397,1.24807,-1.86401,0.61125,0.29324,0.14958,0.03222
38.0,0,-4.50009,-0.97347,-1.57074,0.49444,0.00000,0.00000,
38.0,1,-4.44558,0.11185,-1.62454,0.41399,-0.00860,0.08669,0.04944
38.0,2,-4.22687,1.23760,-1.86202,0.47316,-0.04877,0.14681,0.04035
38.02,0,-4.50009,-0.98336,-1.57074,0.49444,0.00000,0.00000,
38.02,1,-4.44600,0.10269,-1.62249,0.58194,0.34168,0.08740,0.00989
38.02,2,-4.22984,1.22859,-1.86103,0.44958,0.22028,0.14647,0.04952
38.04,0,-4.50009,-0.99325,-1.57074,0.49444,0.00000,0.00000,
38.04,1,-4.44646,0.09106,-1.61557,0.57988,0.35876,0.08564,0.01978
38.04,2,-4.23265,1.22109,-1.84798,0.38692,0.83712,0.15007,0.01691
38.06,0,-4.50009,-1.00314,-1.57074,0.49444,0.00000,0.00000,
38.06,1,-4.44719,0.08029,-1.60937,0.53377,0.14646,0.08472,0.02967
38.06,2,-4.23483,1.21411,-1.83324,0.28662,0.53414,0.15354,0.02771
38.08,0,-4.50009,-1.01303,-1.57074,0.49444,0.00000,0.00000,
38.08,1,-4.44764,0.07068,-1.61020,0.39037,-0.12595,0.08498,0.03956
38.08,2,-4.23678,1.21003,-1.82629,0.22479,0.17638,0.15870,0.03733
38.1,0,-4.50009,-1.02292,-1.57074,0.49444,0.00000,0.00000,
38.1,1,-4.44790,0.06262,-1.61103,0.41454,0.02710,0.08679,0.04944
38.1,2,-4.23878,1.20508,-1.82827,0.27908,-0.11302,0.16144,0.04539
38.12,0,-4.50009,-1.03281,-1.57074,0.49444,0.00000,0.00000,
38.12,1,-4.44823,0.05384,-1.61038,0.51309,0.03805,0.08789,0.00989
38.12,2,-4.24064,1.19864,-1.82573,0.41035,0.30674,0.16347,0.05417
38.14,0,-4.50009,-1.04269,-1.57074,0.49444,0.00000,0.00000,
38.14,1,-4.44857,0.04242,-1.61011,0.57588,0.00961,0.08634,0.01978
38.14,2,-4.24245,1.19154,-1.81576,0.34992,0.29369,0.16746,0.01600
38.16,0,-4.50009,-1.05258,-1.57074,0.49444,0.00000,0.00000,
38.16,1,-4.44886,0.03195,-1.60948,0.49877,0.05338,0.08574,0.02967
38.16,2,-4.24435,1.18365,-1.82037,0.52146,-1.06062,0.16972,0.02648
38.18,0,-4.50009,-1.06247,-1.57074,0.49444,0.00000,0.00000,
38.18,1,-4.44916,0.02194,-1.60885,0.43686,-0.02345,0.08561,0.03956
38.18,2,-4.24674,1.17385,-1.82756,0.46756,0.14858,0.16956,0.03649
38.2,0,-4.50009,-1.07236,-1.57074,0.49444,0.00000,0.00000,
38.2,1,-4.44952,0.01400,-1.60987,0.41465,-0.04827,0.08753,0.04944
38.2,2,-4.24922,1.16401,-1.82162,0.52779,0.31082,0.16733,0.04444
38.22,0,-4.50009,-1.08225,-1.57074,0.49444,0.00000,0.00000,
38.22,1,-4.44989,0.00471,-1.61031,0.60374,0.01380,0.08812,0.00989
38.22,2,-4.25182,1.15371,-1.81720,0.58492,0.17724,0.16595,0.00505
38.24,0,-4.50009,-1.09214,-1.57074,0.49444,0.00000,0.00000,
38.24,1,-4.45027,-0.00638,-1.61166,0.52380,-0.07065,0.08690,0.01978
38.24,2,-4.25490,1.13945,-1.81281,0.74849,0.22487,0.16236,0.01614
38.26,0,-4.50009,-1.10203,-1.57074,0.49444,0.00000,0.00000,
38.26,1,-4.45050,-0.01685,-1.61303,0.52284,-0.07679,0.08631,0.02967
38.26,2,-4.25786,1.12662,-1.80874,0.62094,0.11333,0.15959,0.02662
38.28,0,-4.50008,-1.11192,-1.57074,0.49444,0.00000,0.00000,
38.28,1,-4.45063,-0.02603,-1.61475,0.40512,-0.08454,0.08701,0.03956
38.28,2,-4.26062,1.11665,-1.81044,0.40606,-0.28212,0.15838,0.03580
38.3,0,-4.50008,-1.12181,-1.57074,0.49444,0.00000,0.00000,
38.3,1,-4.45105,-0.03443,-1.61516,0.43038,0.01674,0.08848,0.04944
38.3,2,-4.26320,1.10894,-1.81580,0.40439,-0.25268,0.15870,0.04420
38.32,0,-4.50008,-1.13169,-1.57074,0.49444,0.00000,0.00000,
38.32,1,-4.45151,-0.04277,-1.61452,0.43822,0.01856,0.09001,0.00989
38.32,2,-4.26548,1.10092,-1.81689,0.43137,0.12177,0.15872,0.00421
38.34,0,-4.50008,-1.14158,-1.57074,0.49444,0.00000,0.00000,
38.34,1,-4.45198,-0.05537,-1.61372,0.63791,0.05665,0.08728,0.01978
38.34,2,-4.26801,1.09110,-1.80991,0.49353,0.48061,0.16113,0.01682
38.36,0,-4.50008,-1.15147,-1.57074,0.49444,0.00000,0.00000,
38.36,1,-4.45242,-0.06779,-1.61239,0.59067,0.08275,0.08473,0.02967
38.36,2,-4.27061,1.08082,-1.80442,0.53818,0.12647,0.16291,0.02924
38.38,0,-4.50008,-1.16136,-1.57074,0.49444,0.00000,0.00000,
38.38,1,-4.45268,-0.07919,-1.61232,0.54392,-0.03871,0.08321,0.03956
38.38,2,-4.27300,1.07078,-1.80287,0.49443,0.08231,0.16392,0.04065
38.4,0,-4.50008,-1.17125,-1.57074,0.49444,0.00000,0.00000,
38.4,1,-4.45311,-0.08724,-1.61420,0.35910,-0.13663,0.08503,0.04944
38.4,2,-4.27514,1.06228,-1.80184,0.37860,0.00639,0.16321,0.04870
38.42,0,-4.50008,-1.18114,-1.57074,0.49444,0.00000,0.00000,
38.42,1,-4.45363,-0.09471,-1.61765,0.39148,-0.12734,0.08742,0.05933
38.42,2,-4.27707,1.05458,-1.79916,0.41235,0.20289,0.16277,0.05619
38.44,0,-4.50008,-1.19103,-1.57074,0.49444,0.00000,0.00000,
38.44,1,-4.45404,-0.10478,-1.61577,0.53965,0.27923,0.08722,0.01978
38.44,2,-4.27908,1.04591,-1.79490,0.53760,0.23977,0.16392,0.01392
38.46,0,-4.50008,-1.20092,-1.57074,0.49444,0.00000,0.00000,
38.46,1,-4.45444,-0.11557,-1.61017,0.53952,0.28027,0.08631,0.02967
38.46,2,-4.28149,1.03568,-1.78733,0.51262,0.41777,0.16417,0.02471
38.48,0,-4.50008,-1.21081,-1.57074,0.49444,0.00000,0.00000,
38.48,1,-4.45523,-0.12573,-1.60586,0.50075,0.06524,0.08601,0.03956
38.48,2,-4.28381,1.02577,-1.78004,0.49938,0.25040,0.16418,0.03489
38.5,0,-4.50008,-1.22069,-1.57074,0.49444,0.00000,0.00000,
38.5,1,-4.45575,-0.13496,-1.60742,0.38231,-0.12661,0.08664,0.04944
38.5,2,-4.28584,1.01661,-1.77808,0.39631,-0.06633,0.16404,0.04414
38.52,0,-4.50008,-1.23058,-1.57074,0.49444,0.00000,0.00000,
38.52,1,-4.45602,-0.14340,-1.60817,0.53987,0.12012,0.08808,0.00989
38.52,2,-4.28757,1.00963,-1.77832,0.37397,0.11475,0.16527,0.05258
38.54,0,-4.50008,-1.24047,-1.57074,0.49444,0.00000,0.00000,
38.54,1,-4.45627,-0.15429,-1.60271,0.50602,0.12585,0.08706,0.01978
38.54,2,-4.28926,1.00208,-1.77389,0.32152,0.51116,0.16838,0.01540
38.56,0,-4.50008,-1.25036,-1.57074,0.49444,0.00000,0.00000,
38.56,1,-4.45679,-0.16446,-1.60098,0.51153,0.05426,0.08676,0.02967
38.56,2,-4.29082,0.99595,-1.76308,0.29561,0.65202,0.17221,0.02558
38.58,0,-4.50008,-1.26025,-1.57074,0.49444,0.00000,0.00000,
38.58,1,-4.45724,-0.17459,-1.60087,0.50003,-0.03760,0.08650,0.03956
38.58,2,-4.29202,0.98931,-1.74791,0.40531,0.57782,0.17557,0.03572
38.6,0,-4.50007,-1.27014,-1.57074,0.49444,0.00000,0.00000,
38.6,1,-4.45746,-0.18285,-1.60213,0.40219,-0.04916,0.08812,0.04944
38.6,2,-4.29373,0.97998,-1.74431,0.50755,-0.05542,0.17430,0.04398
38.62,0,-4.50007,-1.28003,-1.57074,0.49444,0.00000,0.00000,
38.62,1,-4.45763,-0.19392,-1.59984,0.58400,0.33625,0.08693,0.00989
38.62,2,-4.29550,0.97033,-1.74562,0.49680,-0.04344,0.17549,0.05505
38.64,0,-4.50007,-1.28992,-1.57074,0.49444,0.00000,0.00000,
38.64,1,-4.45784,-0.20454,-1.59325,0.53023,0.27792,0.08620,0.01978
38.64,2,-4.29727,0.95992,-1.74490,0.59914,0.17535,0.17548,0.01685
38.66,0,-4.50007,-1.29981,-1.57074,0.49444,0.00000,0.00000,
38.66,1,-4.45853,-0.21528,-1.58963,0.53919,0.12111,0.08532,0.02967
38.66,2,-4.29911,0.94925,-1.74229,0.53955,0.11567,0.17539,0.02760
38.68,0,-4.50007,-1.30969,-1.57074,0.49444,0.00000,0.00000,
38.68,1,-4.45888,-0.22527,-1.58949,0.39883,-0.06231,0.08521,0.03956
38.68,2,-4.30088,0.93851,-1.73934,0.54654,0.16820,0.17445,0.03760
38.7,0,-4.50007,-1.31958,-1.57074,0.49444,0.00000,0.00000,
38.7,1,-4.45899,-0.23342,-1.59064,0.41845,-0.05048,0.08694,0.04944
38.7,2,-4.30296,0.92639,-1.73762,0.65390,0.04001,0.17026,0.04575
38.72,0,-4.50007,-1.32947,-1.57074,0.49444,0.00000,0.00000,
38.72,1,-4.45907,-0.24227,-1.59150,0.51753,-0.01464,0.08797,0.00989
38.72,2,-4.30516,0.91366,-1.73677,0.63835,0.10357,0.16613,0.00461
38.74,0,-4.50007,-1.33936,-1.57074,0.49444,0.00000,0.00000,
38.74,1,-4.45915,-0.25380,-1.59084,0.58074,0.03669,0.08633,0.01978
38.74,2,-4.30728,0.90108,-1.76283,0.64285,-1.42151,0.16482,0.01614
38.76,0,-4.50007,-1.34925,-1.57074,0.49444,0.00000,0.00000,
38.76,1,-4.45934,-0.26450,-1.59003,0.51713,0.03155,0.08552,0.02967
38.76,2,-4.30946,0.88851,-1.78902,0.61853,-0.92063,0.16270,0.02683
38.78,0,-4.50007,-1.35914,-1.57074,0.49444,0.00000,0.00000,
38.78,1,-4.45969,-0.27472,-1.59020,0.46759,-0.04720,0.08517,0.03956
38.78,2,-4.31177,0.87757,-1.79073,0.51361,0.42421,0.16175,0.03706
38.8,0,-4.50007,-1.36903,-1.57074,0.49444,0.00000,0.00000,
38.8,1,-4.45988,-0.28250,-1.59130,0.39873,-0.04397,0.08727,0.04944
38.8,2,-4.31381,0.86937,-1.78315,0.41600,0.31958,0.16110,0.04484
38.82,0,-4.50007,-1.37892,-1.57074,0.49444,0.00000,0.00000,
38.82,1,-4.46001,-0.29125,-1.59199,0.55162,-0.01368,0.08841,0.00989
38.82,2,-4.31574,0.86064,-1.77874,0.51269,0.17405,0.16088,0.00463
38.84,0,-4.50007,-1.38881,-1.57074,0.49444,0.00000,0.00000,
38.84,1,-4.46014,-0.30179,-1.58793,0.52141,0.22715,0.08775,0.01978
38.84,2,-4.31809,0.84894,-1.77301,0.53603,0.44658,0.15946,0.01518
38.86,0,-4.50007,-1.39869,-1.57074,0.49444,0.00000,0.00000,
38.86,1,-4.46059,-0.31219,-1.58372,0.50323,0.18972,0.08723,0.02967
38.86,2,-4.32057,0.83848,-1.76448,0.53883,0.37492,0.15916,0.02558
38.88,0,-4.50007,-1.40858,-1.57074,0.49444,0.00000,0.00000,
38.88,1,-4.46093,-0.32190,-1.58243,0.44056,-0.04028,0.08739,0.03956
38.88,2,-4.32281,0.82878,-1.76122,0.39444,-0.06289,0.15894,0.03530
38.9,0,-4.50007,-1.41847,-1.57074,0.49444,0.00000,0.00000,
38.9,1,-4.46099,-0.33004,-1.58314,0.41637,0.02723,0.08914,0.04944
38.9,2,-4.32458,0.82075,-1.76014,0.42639,0.14843,0.15884,0.04344
38.92,0,-4.50007,-1.42836,-1.57074,0.49444,0.00000,0.00000,
38.92,1,-4.46093,-0.34070,-1.58288,0.57621,-0.09949,0.08836,0.00989
38.92,2,-4.32620,0.81200,-1.75514,0.50708,0.42809,0.16055,0.00606
38.94,0,-4.50006,-1.43825,-1.57074,0.49444,0.00000,0.00000,
38.94,1,-4.46088,-0.35186,-1.58483,0.55811,-0.09736,0.08709,0.01978
38.94,2,-4.32779,0.80198,-1.74657,0.50718,0.42769,0.16150,0.01723
38.96,0,-4.50006,-1.44814,-1.57074,0.49444,0.00000,0.00000,
38.96,1,-4.46081,-0.36297,-1.58677,0.54527,-0.08916,0.08588,0.02967
38.96,2,-4.32933,0.79180,-1.73864,0.53418,0.29922,0.16223,0.02834
38.98,0,-4.50006,-1.45803,-1.57074,0.49444,0.00000,0.00000,
38.98,1,-4.46094,-0.37320,-1.58796,0.45277,-0.04393,0.08553,0.03956
38.98,2,-4.33118,0.78055,-1.73582,0.59221,0.05343,0.16103,0.03857
39.0,0,-4.50006,-1.46792,-1.57074,0.49444,0.00000,0.00000,
39.0,1,-4.46111,-0.38115,-1.58875,0.40844,-0.03200,0.08747,0.04944
39.0,2,-4.33315,0.76883,-1.73488,0.58740,0.06541,0.15708,0.04651
39.02,0,-4.50006,-1.47780,-1.57074,0.49444,0.00000,0.00000,
39.02,1,-4.46129,-0.38964,-1.58942,0.43294,-0.03665,0.08885,0.05933
39.02,2,-4.33502,0.75879,-1.73240,0.33785,0.21724,0.15535,0.00431
39.04,0,-4.50006,-1.48769,-1.57074,0.49444,0.00000,0.00000,
39.04,1,-4.46147,-0.40032,-1.58979,0.58199,-0.00930,0.08806,0.01978
39.04,2,-4.33671,0.75415,-1.72707,0.15264,0.17189,0.16119,0.01499
39.06,0,-4.50006,-1.49758,-1.57074,0.49444,0.00000,0.00000,
39.06,1,-4.46165,-0.41143,-1.58988,0.51799,0.00214,0.08683,0.02967
39.06,2,-4.33824,0.75243,-1.72435,0.07778,0.12999,0.17038,0.02610
39.08,0,-4.50006,-1.50747,-1.57074,0.49444,0.00000,0.00000,
39.08,1,-4.46183,-0.42177,-1.58998,0.51402,-0.01944,0.08638,0.03956
39.08,2,-4.33956,0.75168,-1.72156,0.02303,0.08312,0.17980,0.03644
39.1,0,-4.50006,-1.51736,-1.57074,0.49444,0.00000,0.00000,
39.1,1,-4.46200,-0.43015,-1.59094,0.38363,-0.05341,0.08788,0.04944
39.1,2,-4.34039,0.74894,-1.72086,0.21653,0.12366,0.18534,0.04482
39.12,0,-4.50006,-1.52725,-1.57074,0.49444,0.00000,0.00000,
39.12,1,-4.46217,-0.44092,-1.59149,0.58122,-0.01148,0.08699,0.00989
39.12,2,-4.34120,0.74414,-1.71375,0.24046,0.40541,0.19122,0.05560
39.14,0,-4.50006,-1.53714,-1.57074,0.49444,0.00000,0.00000,
39.14,1,-4.46233,-0.45085,-1.59138,0.47982,0.00932,0.08695,0.01978
39.14,2,-4.34201,0.73940,-1.70564,0.24040,0.40580,0.19631,0.01600
39.16,0,-4.50006,-1.54703,-1.57074,0.49444,0.00000,0.00000,
39.16,1,-4.46256,-0.46049,-1.59140,0.48937,-0.01799,0.08718,0.02967
39.16,2,-4.34328,0.73333,-1.73276,0.35632,-1.77868,0.19976,0.02565
39.18,0,-4.50006,-1.55692,-1.57074,0.49444,0.00000,0.00000,
39.18,1,-4.46278,-0.46853,-1.59220,0.39592,-0.03659,0.08903,0.03956
39.18,2,-4.34470,0.72430,-1.74745,0.50547,-0.31225,0.19866,0.03369
39.2,0,-4.50006,-1.56680,-1.57074,0.49444,0.00000,0.00000,
39.2,1,-4.46295,-0.47674,-1.59273,0.38651,-0.01730,0.09069,0.04944
39.2,2,-4.34671,0.71438,-1.75288,0.53714,-0.12019,0.19678,0.04191
39.22,0,-4.50006,-1.57669,-1.57074,0.49444,0.00000,0.00000,
39.22,1,-4.46313,-0.48697,-1.59297,0.59073,0.00068,0.09035,0.00989
39.22,2,-4.34894,0.70264,-1.75064,0.58105,0.27698,0.19508,0.00602
39.24,0,-4.50006,-1.58658,-1.57074,0.49444,0.00000,0.00000,
39.24,1,-4.46332,-0.49797,-1.59278,0.54821,0.00977,0.08923,0.01978
39.24,2,-4.35092,0.69166,-1.74480,0.55783,0.25251,0.19493,0.01702
39.26,0,-4.50006,-1.59647,-1.57074,0.49444,0.00000,0.00000,
39.26,1,-4.46357,-0.50870,-1.59268,0.52110,-0.01098,0.08838,0.02967
39.26,2,-4.35291,0.68029,-1.74111,0.59233,0.14320,0.19412,0.02776
39.28,0,-4.50005,-1.60636,-1.57074,0.49444,0.00000,0.00000,
39.28,1,-4.46377,-0.51809,-1.59330,0.42370,-0.03783,0.08887,0.03956
39.28,2,-4.35493,0.66852,-1.73841,0.59444,0.13984,0.19160,0.03715
39.3,0,-4.50005,-1.61625,-1.57074,0.49444,0.00000,0.00000,
39.3,1,-4.46396,-0.52682,-1.59386,0.44763,-0.02214,0.09002,0.04944
39.3,2,-4.35688,0.65710,-1.73551,0.53234,0.09296,0.18875,0.04588
39.32,0,-4.50005,-1.62614,-1.57074,0.49444,0.00000,0.00000,
39.32,1,-4.46416,-0.53661,-1.59420,0.62516,-0.00266,0.09012,0.00989
39.32,2,-4.35869,0.64657,-1.73294,0.55290,0.17003,0.18787,0.00527
39.34,0,-4.50005,-1.63603,-1.57074,0.49444,0.00000,0.00000,
39.34,1,-4.46436,-0.54976,-1.59391,0.57822,0.03436,0.08686,0.01978
39.34,2,-4.36066,0.63465,-1.72880,0.61297,0.19937,0.18893,0.01842
39.36,0,-4.50005,-1.64592,-1.57074,0.49444,0.00000,0.00000,
39.36,1,-4.46457,-0.56130,-1.59327,0.57230,0.02346,0.08520,0.02967
39.36,2,-4.36248,0.62346,-1.72509,0.54191,0.16105,0.18915,0.02996
39.38,0,-4.50005,-1.65580,-1.57074,0.49444,0.00000,0.00000,
39.38,1,-4.46481,-0.57046,-1.59357,0.37107,-0.03444,0.08591,0.03956
39.38,2,-4.36418,0.61268,-1.72262,0.54837,0.11068,0.18741,0.03913
39.4,0,-4.50005,-1.66569,-1.57074,0.49444,0.00000,0.00000,
39.4,1,-4.46504,-0.57824,-1.59475,0.40186,-0.09333,0.08801,0.04944
39.4,2,-4.36583,0.60188,-1.72022,0.54261,0.12961,0.18428,0.04691
39.42,0,-4.50005,-1.67558,-1.57074,0.49444,0.00000,0.00000,
39.42,1,-4.46525,-0.58688,-1.59401,0.48653,0.28721,0.08926,0.00989
39.42,2,-4.36742,0.59195,-1.71829,0.46095,0.07001,0.18289,0.05555
39.44,0,-4.50005,-1.68547,-1.57074,0.49444,0.00000,0.00000,
39.44,1,-4.46555,-0.59666,-1.58894,0.49508,0.18024,0.08936,0.01978
39.44,2,-4.36876,0.58338,-1.71526,0.40169,0.20192,0.18400,0.01445
39.46,0,-4.50005,-1.69536,-1.57074,0.49444,0.00000,0.00000,
39.46,1,-4.46609,-0.60667,-1.58761,0.49998,-0.02414,0.08922,0.02967
39.46,2,-4.36998,0.57516,-1.71169,0.43804,0.14545,0.18573,0.02448
39.48,0,-4.50005,-1.70525,-1.57074,0.49444,0.00000,0.00000,
39.48,1,-4.46625,-0.61645,-1.58907,0.47914,-0.08653,0.08932,0.03956
39.48,2,-4.37129,0.56602,-1.70938,0.47272,0.10211,0.18628,0.03425
39.5,0,-4.50005,-1.71514,-1.57074,0.49444,0.00000,0.00000,
39.5,1,-4.46635,-0.62586,-1.59033,0.46584,-0.04203,0.08980,0.04944
39.5,2,-4.37259,0.55675,-1.70727,0.45967,0.11167,0.18632,0.04366
39.52,0,-4.50005,-1.72503,-1.57074,0.49444,0.00000,0.00000,
39.52,1,-4.46648,-0.63840,-1.59041,0.73839,0.04016,0.08714,0.00989
39.52,2,-4.37379,0.54797,-1.70482,0.43640,0.12468,0.18999,0.05620
39.54,0,-4.50005,-1.73492,-1.57074,0.49444,0.00000,0.00000,
39.54,1,-4.46666,-0.65199,-1.58831,0.60810,0.14524,0.08344,0.01978
39.54,2,-4.37500,0.53834,-1.70225,0.60329,0.24904,0.19386,0.02075
39.56,0,-4.50005,-1.74480,-1.57074,0.49444,0.00000,0.00000,
39.56,1,-4.46686,-0.66357,-1.58734,0.47958,-0.02431,0.08174,0.02967
39.56,2,-4.37630,0.52711,-1.69188,0.54493,0.57952,0.19413,0.03233
39.58,0,-4.50005,-1.75469,-1.57074,0.49444,0.00000,0.00000,
39.58,1,-4.46705,-0.67129,-1.58813,0.37689,-0.04104,0.08391,0.03956
39.58,2,-4.37767,0.51567,-1.67986,0.66131,0.39598,0.19032,0.04005
39.6,0,-4.50004,-1.76458,-1.57074,0.49444,0.00000,0.00000,
39.6,1,-4.46728,-0.67895,-1.58905,0.39673,-0.04717,0.08613,0.04944
39.6,2,-4.37937,0.50067,-1.67781,0.80800,-0.05049,0.18289,0.04771
39.62,0,-4.50004,-1.77447,-1.57074,0.49444,0.00000,0.00000,
39.62,1,-4.46744,-0.68728,-1.58978,0.42817,-0.02774,0.08768,0.05933
39.62,2,-4.38110,0.48567,-1.67780,0.72518,0.14850,0.17613,0.00425
39.64,0,-4.50004,-1.78436,-1.57074,0.49444,0.00000,0.00000,
39.64,1,-4.46759,-0.69875,-1.58864,0.62453,0.15178,0.08610,0.01978
39.64,2,-4.38274,0.47160,-1.67319,0.61981,0.17676,0.17342,0.01571
39.66,0,-4.50004,-1.79425,-1.57074,0.49444,0.00000,0.00000,
39.66,1,-4.46774,-0.71067,-1.58549,0.55501,0.16643,0.08406,0.02967
39.66,2,-4.38425,0.46173,-1.67178,0.48679,0.05954,0.17537,0.02763
39.68,0,-4.50004,-1.80414,-1.57074,0.49444,0.00000,0.00000,
39.68,1,-4.46819,-0.72172,-1.58214,0.54749,0.16730,0.08289,0.03956
39.68,2,-4.38569,0.45213,-1.67052,0.48106,0.06412,0.17674,0.03869
39.7,0,-4.50004,-1.81403,-1.57074,0.49444,0.00000,0.00000,
39.7,1,-4.46847,-0.73145,-1.58084,0.36774,0.00453,0.08304,0.04944
39.7,2,-4.38670,0.44279,-1.66932,0.44640,0.06752,0.17708,0.04842
39.72,0,-4.50004,-1.82392,-1.57074,0.49444,0.00000,0.00000,
39.72,1,-4.46852,-0.73912,-1.58138,0.40041,-0.04792,0.08526,0.05933
39.72,2,-4.38759,0.43368,-1.66821,0.46666,0.04854,0.17558,0.05609
39.74,0,-4.50004,-1.83380,-1.57074,0.49444,0.00000,0.00000,
39.74,1,-4.46852,-0.74925,-1.58078,0.54412,0.18922,0.08501,0.01978
39.74,2,-4.38856,0.42363,-1.66693,0.55380,0.11069,0.17561,0.01406
39.76,0,-4.50004,-1.84369,-1.57074,0.49444,0.00000,0.00000,
39.76,1,-4.46851,-0.76014,-1.57698,0.54386,0.19226,0.08402,0.02967
39.76,2,-4.38967,0.41221,-1.66495,0.57562,0.06547,0.17499,0.02494
39.78,0,-4.50004,-1.85358,-1.57074,0.49444,0.00000,0.00000,
39.78,1,-4.46898,-0.77035,-1.57357,0.48584,0.05769,0.08368,0.03956
39.78,2,-4.39068,0.40158,-1.66407,0.49748,0.03666,0.17454,0.03516
39.8,0,-4.50004,-1.86347,-1.57074,0.49444,0.00000,0.00000,
39.8,1,-4.46922,-0.77914,-1.57494,0.36374,-0.08600,0.08477,0.04944
39.8,2,-4.39156,0.39219,-1.66322,0.46073,0.04861,0.17390,0.04395
39.82,0,-4.50004,-1.87336,-1.57074,0.49444,0.00000,0.00000,
39.82,1,-4.46909,-0.78674,-1.57359,0.39154,0.14818,0.08706,0.05933
39.82,2,-4.39238,0.38460,-1.66316,0.39364,0.03721,0.17385,0.05155
39.84,0,-4.50004,-1.88325,-1.57074,0.49444,0.00000,0.00000,
39.84,1,-4.46890,-0.79715,-1.57543,0.55235,-0.33069,0.08654,0.01978
39.84,2,-4.39317,0.37428,-1.66592,0.53538,-0.26461,0.17387,0.01428
39.86,0,-4.50004,-1.89314,-1.57074,0.49444,0.00000,0.00000,
39.86,1,-4.46869,-0.80820,-1.58208,0.55140,-0.33276,0.08539,0.02967
39.86,2,-4.39391,0.36493,-1.66905,0.49175,-0.05195,0.17551,0.02533
39.88,0,-4.50004,-1.90303,-1.57074,0.49444,0.00000,0.00000,
39.88,1,-4.46835,-0.81832,-1.58607,0.51072,-0.03119,0.08517,0.03956
39.88,2,-4.39496,0.35446,-1.66796,0.53574,0.11346,0.17508,0.03546
39.9,0,-4.50004,-1.91292,-1.57074,0.49444,0.00000,0.00000,
39.9,1,-4.46834,-0.82675,-1.58598,0.37280,-0.05474,0.08663,0.04944
39.9,2,-4.39597,0.34519,-1.66668,0.44151,0.05164,0.17417,0.04388
39.92,0,-4.50004,-1.92280,-1.57074,0.49444,0.00000,0.00000,
39.92,1,-4.46861,-0.83449,-1.58928,0.39924,-0.18305,0.08876,0.05933
39.92,2,-4.39685,0.33645,-1.66540,0.43771,0.07069,0.17314,0.05163
39.94,0,-4.50003,-1.93269,-1.57074,0.49444,0.00000,0.00000,
39.94,1,-4.46881,-0.84386,-1.58883,0.51919,0.22340,0.08928,0.01978
39.94,2,-4.39772,0.32445,-1.66242,0.69824,0.25016,0.17047,0.01331
39.96,0,-4.50003,-1.94258,-1.57074,0.49444,0.00000,0.00000,
39.96,1,-4.46901,-0.85424,-1.58436,0.51927,0.22109,0.08878,0.02967
39.96,2,-4.39861,0.31240,-1.65578,0.57037,0.35735,0.16876,0.02370
39.98,0,-4.50003,-1.95247,-1.57074,0.49444,0.00000,0.00000,
39.98,1,-4.46965,-0.86432,-1.58036,0.46988,0.14674,0.08857,0.03956
39.98,2,-4.39967,0.30150,-1.65071,0.45782,0.09732,0.16792,0.03379
40.0,0,-4.50003,-1.96236,-1.57074,0.49444,0.00000,0.00000,
40.0,1,-4.46987,-0.87339,-1.57990,0.38849,-0.04118,0.08938,0.04944
40.0,2,-4.40050,0.29352,-1.64998,0.41019,0.03089,0.16897,0.04286
40.02,0,-4.50003,-1.97225,-1.57074,0.49444,0.00000,0.00000,
40.02,1,-4.46976,-0.88233,-1.57271,0.53781,1.01819,0.09033,0.00989
40.02,2,-4.40119,0.28508,-1.64930,0.42993,0.03735,0.16942,0.05180
40.04,0,-4.50003,-1.98214,-1.57074,0.49444,0.00000,0.00000,
40.04,1,-4.46964,-0.89229,-1.55995,0.48542,0.30981,0.09027,0.01978
40.04,2,-4.40185,0.27646,-1.64828,0.44044,0.07698,0.17072,0.01490
40.06,0,-4.50003,-1.99203,-1.57074,0.49444,0.00000,0.00000,
40.06,1,-4.46936,-0.90196,-1.55465,0.48127,0.15812,0.09050,0.02967
40.06,2,-4.40248,0.26770,-1.64699,0.45257,0.05219,0.17157,0.02457
40.08,0,-4.50003,-2.00192,-1.57074,0.49444,0.00000,0.00000,
40.08,1,-4.46911,-0.91116,-1.55523,0.41997,-0.13362,0.09119,0.03956
40.08,2,-4.40320,0.25823,-1.64625,0.48822,0.02922,0.17124,0.03377
40.1,0,-4.50003,-2.01180,-1.57074,0.49444,0.00000,0.00000,
40.1,1,-4.46895,-0.91991,-1.55832,0.44910,-0.14279,0.09234,0.04944
40.1,2,-4.40395,0.24850,-1.64566,0.48244,0.03150,0.17021,0.04252
40.12,0,-4.50003,-2.02169,-1.57074,0.49444,0.00000,0.00000,
40.12,1,-4.46883,-0.92892,-1.56044,0.44725,-0.08086,0.09322,0.00989
40.12,2,-4.40466,0.23884,-1.64447,0.44861,0.14794,0.16952,0.00450
40.14,0,-4.50003,-2.03158,-1.57074,0.49444,0.00000,0.00000,
40.14,1,-4.46873,-0.94090,-1.56306,0.59530,-0.19490,0.09113,0.01978
40.14,2,-4.40521,0.23075,-1.64303,0.41809,0.02125,0.17338,0.01648
40.16,0,-4.50003,-2.04147,-1.57074,0.49444,0.00000,0.00000,
40.16,1,-4.46859,-0.95280,-1.56701,0.59309,-0.21472,0.08912,0.02967
40.16,2,-4.40589,0.22125,-1.64270,0.52015,0.02035,0.17572,0.02838
40.18,0,-4.50003,-2.05136,-1.57074,0.49444,0.00000,0.00000,
40.18,1,-4.46838,-0.96386,-1.57109,0.52805,-0.13749,0.08796,0.03956
40.18,2,-4.40669,0.21051,-1.64207,0.53882,0.03869,0.17598,0.03944
40.2,0,-4.50003,-2.06125,-1.57074,0.49444,0.00000,0.00000,
40.2,1,-4.46837,-0.97236,-1.57290,0.38561,-0.06782,0.08935,0.04944
40.2,2,-4.40743,0.20033,-1.64109,0.51304,0.04062,0.17427,0.04794
40.22,0,-4.50003,-2.07114,-1.57074,0.49444,0.00000,0.00000,
40.22,1,-4.46842,-0.98199,-1.57703,0.55398,-0.39375,0.08960,0.00989
40.22,2,-4.40817,0.18991,-1.64050,0.52442,0.02537,0.17345,0.05757
40.24,0,-4.50003,-2.08103,-1.57074,0.49444,0.00000,0.00000,
40.24,1,-4.46835,-0.99172,-1.58306,0.45925,-0.05798,0.08977,0.01978
40.24,2,-4.40889,0.17955,-1.63945,0.44348,0.14252,0.17278,0.01524
40.26,0,-4.50003,-2.09092,-1.57074,0.49444,0.00000,0.00000,
40.26,1,-4.46845,-1.00135,-1.58403,0.49889,-0.06126,0.09003,0.02967
40.26,2,-4.40961,0.17228,-1.63887,0.27103,-0.04473,0.17510,0.02486
40.28,0,-4.50002,-2.10080,-1.57074,0.49444,0.00000,0.00000,
40.28,1,-4.46862,-1.01012,-1.58522,0.42403,-0.05177,0.09114,0.03956
40.28,2,-4.41034,0.16736,-1.64026,0.22839,-0.15097,0.17892,0.03363
40.3,0,-4.50002,-2.11069,-1.57074,0.49444,0.00000,0.00000,
40.3,1,-4.46880,-1.01878,-1.58699,0.43884,-0.08188,0.09236,0.04944
40.3,2,-4.41100,0.16202,-1.64594,0.33342,-0.18529,0.18222,0.04230
40.32,0,-4.50002,-2.12058,-1.57074,0.49444,0.00000,0.00000,
40.32,1,-4.46894,-1.02993,-1.58759,0.55892,0.00301,0.09109,0.00989
40.32,2,-4.41163,0.15504,-1.64776,0.35861,-0.12398,0.18636,0.05345
40.34,0,-4.50002,-2.13047,-1.57074,0.49444,0.00000,0.00000,
40.34,1,-4.46909,-1.04111,-1.58754,0.55892,0.00324,0.08980,0.01978
40.34,2,-4.41225,0.14782,-1.64927,0.39639,0.35962,0.19029,0.01721
40.36,0,-4.50002,-2.14036,-1.57074,0.49444,0.00000,0.00000,
40.36,1,-4.46931,-1.05212,-1.58739,0.53400,0.00369,0.08868,0.02967
40.36,2,-4.41314,0.13635,-1.65061,0.64126,-0.34621,0.18979,0.02822
40.38,0,-4.50002,-2.15025,-1.57074,0.49444,0.00000,0.00000,
40.38,1,-4.46950,-1.06147,-1.58777,0.39789,-0.03282,0.08921,0.03956
40.38,2,-4.41427,0.12262,-1.65597,0.68697,-0.18115,0.18538,0.03757
40.4,0,-4.50002,-2.16014,-1.57074,0.49444,0.00000,0.00000,
40.4,1,-4.46964,-1.06976,-1.58832,0.42941,-0.02458,0.09080,0.04944
40.4,2,-4.41542,0.10897,-1.65570,0.67708,0.13369,0.17998,0.04586
40.42,0,-4.50002,-2.17003,-1.57074,0.49444,0.00000,0.00000,
40.42,1,-4.46979,-1.07944,-1.58865,0.57948,0.00574,0.09100,0.00989
40.42,2,-4.41653,0.09578,-1.65268,0.65088,0.13022,0.17642,0.05555
40.44,0,-4.50002,-2.17992,-1.57074,0.49444,0.00000,0.00000,
40.44,1,-4.46994,-1.09098,-1.58853,0.55508,0.00998,0.08935,0.01978
40.44,2,-4.41759,0.08319,-1.66294,0.64159,-1.33119,0.17534,0.01687
40.46,0,-4.50002,-2.18980,-1.57074,0.49444,0.00000,0.00000,
40.46,1,-4.47009,-1.10163,-1.58833,0.52800,0.00065,0.08858,0.02967
40.46,2,-4.41865,0.07052,-1.68967,0.58288,-1.37643,0.17329,0.02752
40.48,0,-4.50002,-2.19969,-1.57074,0.49444,0.00000,0.00000,
40.48,1,-4.47028,-1.11192,-1.58865,0.50302,-0.02571,0.08818,0.03956
40.48,2,-4.41977,0.06130,-1.70475,0.44741,-0.03144,0.17430,0.03781
40.5,0,-4.50017,-2.20501,-1.56508,0.16407,0.22974,0.00000,
40.5,1,-4.47045,-1.12006,-1.58941,0.41098,-0.02900,0.08535,0.04487
40.5,2,-4.42095,0.05275,-1.69565,0.39770,0.63027,0.17386,0.04595
40.52,0,-4.50048,-2.20698,-1.56088,0.06110,0.19070,0.00000,
40.52,1,-4.47062,-1.12864,-1.58979,0.43878,-0.01432,0.07875,0.04684
40.52,2,-4.42219,0.04358,-1.68755,0.51540,0.19186,0.17323,0.05453
40.54,0,-4.50084,-2.20791,-1.55722,0.04259,0.18412,0.00000,
40.54,1,-4.47079,-1.13644,-1.58978,0.40520,0.01619,0.07189,0.00298
40.54,2,-4.42352,0.03145,-1.68527,0.67320,0.25600,0.16884,0.01216
40.56,0,-4.50102,-2.20793,-1.54850,-0.09292,1.45267,0.00000,
40.56,1,-4.47097,-1.14454,-1.58942,0.40335,0.03471,0.06381,0.00304
40.56,2,-4.42494,0.01807,-1.68006,0.66942,0.28619,0.16352,0.02026
40.58,0,-4.50111,-2.20571,-1.49703,-0.04743,2.89552,0.00000,
40.58,1,-4.47116,-1.15135,-1.58839,0.27377,0.03163,0.05478,0.00118
40.58,2,-4.42633,0.00593,-1.67460,0.58673,0.19142,0.15815,0.02708
40.6,0,-4.50027,-2.20642,-1.44899,0.06529,1.99842,0.00000,
40.6,1,-4.47123,-1.15494,-1.58856,0.09853,-0.03523,0.05187,0.00141
40.6,2,-4.42754,-0.00278,-1.67382,0.39078,-0.01167,0.15299,0.03067
40.62,0,-4.49857,-2.20766,-1.40942,0.09517,1.82261,0.00000,
40.62,1,-4.47126,-1.15696,-1.58925,0.13097,-0.02457,0.05105,0.00211
40.62,2,-4.42867,-0.00986,-1.67390,0.29876,0.08077,0.14789,0.00114
40.64,0,-4.49677,-2.21017,-1.37162,0.17080,1.83658,0.00000,
40.64,1,-4.47131,-1.15918,-1.58965,0.12730,-0.01924,0.05130,0.00513
40.64,2,-4.42973,-0.01544,-1.68602,0.27680,-0.52395,0.14450,0.00336
40.66,0,-4.49578,-2.21439,-1.33606,0.24956,1.79326,0.00000,
40.66,1,-4.47135,-1.16168,-1.59003,0.10700,-0.01751,0.05299,0.00915
40.66,2,-4.43057,-0.02226,-1.67270,0.36435,1.20804,0.14016,0.00587
40.68,0,-4.49459,-2.21966,-1.29859,0.27935,1.93696,0.00000,
40.68,1,-4.47137,-1.16118,-1.59059,-0.03830,-0.04122,0.05873,0.01441
40.68,2,-4.43136,-0.02896,-1.65256,0.29655,0.56761,0.13293,0.00537
40.7,0,-4.49313,-2.22504,-1.25934,0.28422,1.96941,0.00000,
40.7,1,-4.47138,-1.16133,-1.59128,0.03722,-0.02972,0.06392,0.01994
40.7,2,-4.43170,-0.03290,-1.65108,0.14850,-0.13165,0.12914,0.00552
40.72,0,-4.49133,-2.23064,-1.22045,0.31126,1.93685,0.00000,
40.72,1,-4.47142,-1.16282,-1.59167,0.10111,-0.01015,0.06800,0.02582
40.72,2,-4.43197,-0.03602,-1.65247,0.16821,0.02329,0.12749,0.00701
40.74,0,-4.48915,-2.23664,-1.18220,0.32614,1.90205,0.00000,
40.74,1,-4.47147,-1.16757,-1.59937,0.25118,-0.60564,0.06922,0.01226
40.74,2,-4.43223,-0.03909,-1.65033,0.13264,0.14167,0.12915,0.00566
40.76,0,-4.48658,-2.24294,-1.14388,0.34797,1.92317,0.00000,
40.76,1,-4.47152,-1.17172,-1.61120,0.19667,-0.58535,0.07132,0.01906
40.76,2,-4.43246,-0.04185,-1.64785,0.15026,0.10144,0.13055,0.00981
40.78,0,-4.48370,-2.24927,-1.10574,0.35675,1.91543,0.00000,
40.78,1,-4.47181,-1.17555,-1.62278,0.17648,-0.54017,0.07379,0.02601
40.78,2,-4.43271,-0.04515,-1.64622,0.17376,0.07186,0.13108,0.01365
40.8,0,-4.48041,-2.25589,-1.06714,0.37726,1.93436,0.00000,
40.8,1,-4.47257,-1.17954,-1.63231,0.25244,-0.27567,0.07637,0.03337
40.8,2,-4.43297,-0.04858,-1.64474,0.16226,0.08110,0.13165,0.01767
40.82,0,-4.47674,-2.26260,-1.02852,0.38553,1.92709,0.00000,
40.82,1,-4.47296,-1.18506,-1.63020,0.31651,0.53781,0.07754,0.00765
40.82,2,-4.43321,-0.05181,-1.64308,0.17188,0.07865,0.13395,0.02321
40.84,0,-4.47276,-2.26928,-0.99005,0.39150,1.92228,0.00000,
40.84,1,-4.47327,-1.19113,-1.61828,0.31219,0.61700,0.07815,0.01542
40.84,2,-4.43347,-0.05652,-1.64150,0.21606,-0.02793,0.13531,0.00919
40.86,0,-4.46847,-2.27583,-0.95214,0.39603,1.88695,0.00000,
40.86,1,-4.47350,-1.19792,-1.60831,0.36322,0.26235,0.07792,0.02324
40.86,2,-4.43375,-0.06055,-1.64206,0.17784,-0.07065,0.13806,0.01597
40.88,0,-4.46370,-2.28257,-0.91370,0.42367,1.93866,0.00000,
40.88,1,-4.47380,-1.20537,-1.60757,0.38048,-0.06213,0.07725,0.03148
40.88,2,-4.43423,-0.06540,-1.64591,0.31953,-0.13801,0.14065,0.02343
40.9,0,-4.45847,-2.28940,-0.87493,0.43369,1.93416,0.00000,
40.9,1,-4.47410,-1.21301,-1.60818,0.37850,0.02068,0.07650,0.04006
40.9,2,-4.43480,-0.07281,-1.64539,0.38818,0.13121,0.14088,0.03108
40.92,0,-4.45294,-2.29602,-0.83716,0.43673,1.88582,0.00000,
40.92,1,-4.47437,-1.22037,-1.60679,0.35968,0.09094,0.07587,0.04864
40.92,2,-4.43539,-0.08089,-1.64266,0.40322,0.11946,0.14014,0.03844
40.94,0,-4.44692,-2.30272,-0.79871,0.45834,1.93981,0.00000,
40.94,1,-4.47466,-1.22695,-1.60264,0.26513,0.15830,0.07613,0.01763
40.94,2,-4.43594,-0.08880,-1.64064,0.37405,0.14566,0.13881,0.01022
40.96,0,-4.44048,-2.30939,-0.75992,0.46595,1.93429,0.00000,
40.96,1,-4.47471,-1.23262,-1.59830,0.32350,0.27038,0.07731,0.02689
40.96,2,-4.43642,-0.09472,-1.63869,0.29490,0.05813,0.13854,0.01589
40.98,0,-4.43373,-2.31586,-0.72138,0.46869,1.92206,0.00000,
40.98,1,-4.47491,-1.23953,-1.59483,0.38697,0.09051,0.07712,0.03622
40.98,2,-4.43692,-0.10140,-1.63770,0.35195,0.03669,0.13877,0.02281
41.0,0,-4.42669,-2.32211,-0.68297,0.47258,1.92069,0.00000,
41.0,1,-4.47517,-1.24734,-1.59374,0.35615,0.05643,0.07587,0.04560
41.0,2,-4.43749,-0.10931,-1.63651,0.41628,0.07392,0.13865,0.03062
41.02,0,-4.41938,-2.32807,-0.65067,0.47275,1.31762,0.00000,
41.02,1,-4.47542,-1.25504,-1.59150,0.34022,0.03442,0.07449,0.00943
41.02,2,-4.43802,-0.11696,-1.63458,0.39318,0.08860,0.13869,0.03832
41.04,0,-4.41181,-2.33386,-0.62745,0.47614,1.10632,0.00000,
41.04,1,-4.47571,-1.26191,-1.59095,0.35811,0.01605,0.07385,0.01896
41.04,2,-4.43859,-0.12537,-1.63294,0.31991,0.14666,0.13714,0.01080
41.06,0,-4.40417,-2.33940,-0.60468,0.46906,1.16982,0.00000,
41.06,1,-4.47592,-1.26884,-1.58972,0.38365,0.11760,0.07297,0.02839
41.06,2,-4.43916,-0.13174,-1.62999,0.31988,0.14637,0.13769,0.01774
41.08,0,-4.39646,-2.34475,-0.58121,0.47026,1.15855,0.00000,
41.08,1,-4.47609,-1.27688,-1.58660,0.37475,0.17417,0.07083,0.03777
41.08,2,-4.43954,-0.13665,-1.62679,0.25515,0.12373,0.14081,0.02578
41.1,0,-4.38856,-2.34995,-0.55886,0.47484,1.08297,0.00000,
41.1,1,-4.47625,-1.28537,-1.58351,0.47414,0.13229,0.06819,0.04721
41.1,2,-4.43999,-0.14294,-1.62562,0.30120,-0.04573,0.14301,0.03427
41.12,0,-4.38050,-2.35502,-0.53779,0.47659,1.03462,0.00000,
41.12,1,-4.47636,-1.29556,-1.57947,0.58925,0.50677,0.06378,0.00952
41.12,2,-4.44040,-0.14825,-1.62705,0.27063,0.10315,0.14787,0.04446
41.14,0,-4.37231,-2.35991,-0.51745,0.47701,1.00324,0.00000,
41.14,1,-4.47643,-1.30763,-1.56683,0.56722,0.55718,0.05742,0.01906
41.14,2,-4.44058,-0.15647,-1.62289,0.57532,-0.05343,0.15171,0.01739
41.16,0,-4.36402,-2.36464,-0.49777,0.47806,0.96656,0.00000,
41.16,1,-4.47646,-1.31849,-1.56092,0.51403,0.11411,0.05218,0.02861
41.16,2,-4.44109,-0.16812,-1.62836,0.58665,-0.31389,0.15092,0.02825
41.18,0,-4.35604,-2.36912,-0.47977,0.45394,0.92869,0.00000,
41.18,1,-4.47641,-1.32657,-1.55941,0.32386,0.09743,0.04947,0.03775
41.18,2,-4.44164,-0.17973,-1.63091,0.56667,0.03752,0.14737,0.03633
41.2,0,-4.34794,-2.37339,-0.46096,0.46042,0.92450,0.00000,
41.2,1,-4.47633,-1.33313,-1.55742,0.33984,0.10753,0.04815,0.04689
41.2,2,-4.44226,-0.19059,-1.62847,0.52894,0.13839,0.14304,0.04289
41.22,0,-4.33968,-2.37751,-0.44332,0.46255,0.85021,0.00000,
41.22,1,-4.47621,-1.34128,-1.54692,0.42433,0.78712,0.04518,0.00924
41.22,2,-4.44286,-0.20101,-1.62653,0.51903,0.06108,0.14076,0.05105
41.24,0,-4.33133,-2.38148,-0.42674,0.46152,0.81765,0.00000,
41.24,1,-4.47602,-1.35010,-1.53560,0.47657,0.32286,0.04148,0.01848
41.24,2,-4.44339,-0.20947,-1.62589,0.37249,0.05307,0.14110,0.01322
41.26,0,-4.32304,-2.38527,-0.41019,0.47054,0.81209,0.00000,
41.26,1,-4.47571,-1.35964,-1.53301,0.46388,0.05662,0.03693,0.02759
41.26,2,-4.44383,-0.21663,-1.62481,0.36742,0.05199,0.14346,0.02276
41.28,0,-4.31408,-2.38918,-0.39459,0.49715,0.75671,0.00000,
41.28,1,-4.47537,-1.36840,-1.53099,0.42055,0.15209,0.03344,0.03736
41.28,2,-4.44429,-0.22490,-1.62366,0.44085,0.05741,0.14393,0.03152
41.3,0,-4.30493,-2.39300,-0.37983,0.49220,0.72683,0.00000,
41.3,1,-4.47504,-1.37560,-1.52691,0.33297,0.20986,0.03152,0.04727
41.3,2,-4.44478,-0.23309,-1.62220,0.42089,0.07236,0.14290,0.03872
41.32,0,-4.29588,-2.39661,-0.36551,0.48420,0.70688,0.00000,
41.32,1,-4.47465,-1.38303,-1.52821,0.40970,-0.96315,0.02922,0.00974
41.32,2,-4.44530,-0.24270,-1.62123,0.50887,0.03555,0.14071,0.04617
41.34,0,-4.28685,-2.40006,-0.35165,0.48392,0.68055,0.00000,
41.34,1,-4.47430,-1.39129,-1.54913,0.37231,-0.81159,0.02605,0.01941
41.34,2,-4.44576,-0.25183,-1.61996,0.41887,0.07587,0.13981,0.01226
41.36,0,-4.27774,-2.40341,-0.33834,0.48662,0.65319,0.00000,
41.36,1,-4.47402,-1.39924,-1.55068,0.45054,0.42677,0.02318,0.02912
41.36,2,-4.44615,-0.25874,-1.61918,0.34969,0.03701,0.14084,0.02021
41.38,0,-4.26854,-2.40665,-0.32556,0.48804,0.62794,0.00000,
41.38,1,-4.47375,-1.40884,-1.53938,0.48529,0.51910,0.01869,0.03887
41.38,2,-4.44654,-0.26636,-1.61825,0.39967,0.05097,0.14280,0.02981
41.4,0,-4.25929,-2.40977,-0.31326,0.48821,0.60479,0.00000,
41.4,1,-4.47346,-1.41732,-1.53143,0.39241,0.31092,0.01530,0.04863
41.4,2,-4.44693,-0.27426,-1.61722,0.36483,0.05735,0.14337,0.03830
41.42,0,-4.25000,-2.41278,-0.30141,0.48834,0.58230,0.00000,
41.42,1,-4.47306,-1.42638,-1.51767,0.49959,0.93104,0.01131,0.00977
41.42,2,-4.44729,-0.28187,-1.61622,0.41308,0.03802,0.14480,0.04737
41.44,0,-4.24067,-2.41568,-0.29001,0.48876,0.56039,0.00000,
41.44,1,-4.47258,-1.43580,-1.50443,0.41425,0.39230,0.00695,0.01954
41.44,2,-4.44773,-0.29240,-1.61373,0.53801,0.18263,0.14367,0.01432
41.46,0,-4.23129,-2.41848,-0.27903,0.48924,0.53937,0.00000,
41.46,1,-4.47208,-1.44382,-1.49983,0.40682,0.18375,0.00396,0.02932
41.46,2,-4.44820,-0.30300,-1.61122,0.54821,0.05470,0.14107,0.02235
41.48,0,-4.22188,-2.42117,-0.26847,0.48963,0.51920,0.00000,
41.48,1,-4.47151,-1.45205,-1.49513,0.41474,0.28382,0.00075,0.03910
41.48,2,-4.44864,-0.31388,-1.61097,0.53414,0.00181,0.13840,0.03060
41.5,0,-4.21244,-2.42377,-0.25830,0.48994,0.49978,0.00000,
41.5,1,-4.47090,-1.45983,-1.48849,0.34961,0.36493,0.00201,0.04890
41.5,2,-4.44905,-0.32422,-1.61060,0.50529,0.03369,0.13582,0.03841
41.52,0,-4.20296,-2.42627,-0.24851,0.49024,0.48108,0.00000,
41.52,1,-4.47012,-1.46822,-1.47497,0.48840,0.93523,0.00539,0.00980
41.52,2,-4.44944,-0.33252,-1.61014,0.43890,0.06306,0.13588,0.00470
41.54,0,-4.19345,-2.42869,-0.23909,0.49052,0.46315,0.00000,
41.54,1,-4.46930,-1.47714,-1.46235,0.38637,0.33874,0.00928,0.01961
41.54,2,-4.44983,-0.34208,-1.60826,0.46778,0.09622,0.13523,0.01366
41.56,0,-4.18392,-2.43101,-0.23001,0.49080,0.44626,0.00000,
41.56,1,-4.46843,-1.48526,-1.45787,0.42127,0.20636,0.01238,0.02942
41.56,2,-4.45021,-0.35121,-1.60689,0.48758,0.03482,0.13419,0.02182
41.58,0,-4.17436,-2.43325,-0.22127,0.49106,0.42944,0.00000,
41.58,1,-4.46748,-1.49344,-1.45232,0.35382,0.39110,0.01554,0.03924
41.58,2,-4.45058,-0.36120,-1.60648,0.49727,0.01966,0.13237,0.03006
41.6,0,-4.16477,-2.43541,-0.21286,0.49128,0.41290,0.00000,
41.6,1,-4.46658,-1.50011,-1.44499,0.34533,0.30949,0.01722,0.04906
41.6,2,-4.45093,-0.37079,-1.60589,0.46457,0.03643,0.12944,0.03679
41.62,0,-4.15517,-2.43748,-0.20478,0.49149,0.39709,0.00000,
41.62,1,-4.46566,-1.50713,-1.43910,0.38310,0.46767,0.01920,0.00983
41.62,2,-4.45124,-0.37964,-1.60518,0.37934,0.01807,0.12759,0.04386
41.64,0,-4.14554,-2.43948,-0.19701,0.49168,0.38194,0.00000,
41.64,1,-4.46440,-1.51576,-1.42148,0.40902,0.79311,0.02280,0.01966
41.64,2,-4.45152,-0.38698,-1.60410,0.33187,0.10833,0.12886,0.01231
41.66,0,-4.13590,-2.44141,-0.18953,0.49186,0.36736,0.00000,
41.66,1,-4.46308,-1.52409,-1.41040,0.41691,0.41577,0.02608,0.02949
41.66,2,-4.45175,-0.39350,-1.60211,0.32768,0.06857,0.13064,0.02073
41.68,0,-4.12623,-2.44326,-0.18234,0.49202,0.35332,0.00000,
41.68,1,-4.46176,-1.53174,-1.40384,0.31231,0.38859,0.02869,0.03933
41.68,2,-4.45198,-0.40078,-1.60133,0.38622,0.02392,0.13101,0.02850
41.7,0,-4.11655,-2.44504,-0.17542,0.49217,0.33982,0.00000,
41.7,1,-4.46058,-1.53776,-1.39727,0.32321,0.26844,0.02969,0.04917
41.7,2,-4.45222,-0.40853,-1.60083,0.36784,0.03320,0.12926,0.03463
41.72,0,-4.10686,-2.44676,-0.16877,0.49231,0.32684,0.00000,
41.72,1,-4.45916,-1.54532,-1.38589,0.45938,0.98862,0.03216,0.00985
41.72,2,-4.45244,-0.41587,-1.60005,0.38972,0.03657,0.12947,0.00431
41.74,0,-4.09715,-2.44842,-0.16237,0.49244,0.31435,0.00000,
41.74,1,-4.45747,-1.55324,-1.37176,0.39879,0.55211,0.03502,0.01969
41.74,2,-4.45267,-0.42729,-1.59919,0.58679,-0.01002,0.12596,0.01240
41.76,0,-4.08743,-2.45001,-0.15621,0.49256,0.30234,0.00000,
41.76,1,-4.45578,-1.56094,-1.36334,0.39049,0.30997,0.03765,0.02954
41.76,2,-4.45289,-0.43870,-1.59930,0.54044,-0.00156,0.12225,0.02030
41.78,0,-4.07770,-2.45154,-0.15029,0.49267,0.29079,0.00000,
41.78,1,-4.45419,-1.56784,-1.35676,0.30888,0.38254,0.03944,0.03939
41.78,2,-4.45296,-0.44906,-1.60012,0.48827,-0.02724,0.11878,0.02737
41.8,0,-4.06796,-2.45302,-0.14460,0.49278,0.27968,0.00000,
41.8,1,-4.45273,-1.57413,-1.35060,0.33284,0.27388,0.04058,0.04925
41.8,2,-4.45321,-0.45621,-1.60046,0.32261,0.00160,0.11792,0.03383
41.82,0,-4.05820,-2.45444,-0.13912,0.49287,0.26900,0.00000,
41.82,1,-4.45125,-1.58067,-1.34506,0.33352,0.28622,0.04190,0.05910
41.82,2,-4.45353,-0.46307,-1.60074,0.38042,0.04429,0.11761,0.00335
41.84,0,-4.04844,-2.45580,-0.13386,0.49296,0.25873,0.00000,
41.84,1,-4.44936,-1.58851,-1.32924,0.41287,0.86111,0.04453,0.01971
41.84,2,-4.45381,-0.47101,-1.59789,0.39830,0.15971,0.11751,0.01142
41.86,0,-4.03867,-2.45712,-0.12879,0.49304,0.24884,0.00000,
41.86,1,-4.44743,-1.59683,-1.31707,0.42236,0.41432,0.04753,0.02957
41.86,2,-4.45407,-0.47958,-1.59597,0.43523,0.05036,0.11727,0.01995
41.88,0,-4.02889,-2.45839,-0.12392,0.49312,0.23934,0.00000,
41.88,1,-4.44548,-1.60438,-1.31176,0.37427,0.22834,0.04980,0.03944
41.88,2,-4.45429,-0.48791,-1.59529,0.39899,0.03371,0.11650,0.02775
41.9,0,-4.01910,-2.45961,-0.11923,0.49318,0.23020,0.00000,
41.9,1,-4.44359,-1.61121,-1.30603,0.30534,0.41869,0.05133,0.04930
41.9,2,-4.45447,-0.49557,-1.59437,0.37489,0.05514,0.11569,0.03483
41.92,0,-4.00930,-2.46078,-0.11473,0.49325,0.22140,0.00000,
41.92,1,-4.44178,-1.61726,-1.29617,0.39493,0.80771,0.05208,0.00986
41.92,2,-4.45465,-0.50253,-1.59330,0.32117,0.04983,0.11481,0.04115
41.94,0,-3.99950,-2.46191,-0.11039,0.49331,0.21295,0.00000,
41.94,1,-4.43946,-1.62559,-1.28023,0.42202,0.61736,0.05502,0.01973
41.94,2,-4.45481,-0.50929,-1.59183,0.35682,0.14918,0.11641,0.01206
41.96,0,-3.98970,-2.46299,-0.10622,0.49336,0.20482,0.00000,
41.96,1,-4.43744,-1.63236,-1.27380,0.35253,0.25117,0.05638,0.02960
41.96,2,-4.45496,-0.51658,-1.58830,0.36030,0.14557,0.11593,0.01912
41.98,0,-3.97989,-2.46404,-0.10221,0.49341,0.19699,0.00000,
41.98,1,-4.43526,-1.63943,-1.26777,0.37723,0.34259,0.05801,0.03946
41.98,2,-4.45509,-0.52346,-1.58672,0.33143,0.03825,0.11615,0.02652
42.0,0,-3.97007,-2.46505,-0.09836,0.49346,0.18947,0.00000,
42.0,1,-4.43317,-1.64560,-1.25870,0.29012,0.46122,0.05875,0.04933
42.0,2,-4.45519,-0.52992,-1.58610,0.31967,0.03642,0.11590,0.03303
42.02,0,-3.96025,-2.46602,-0.09465,0.49350,0.18224,0.00000,
42.02,1,-4.43120,-1.65142,-1.25114,0.36492,0.61662,0.05906,0.00987
42.02,2,-4.45529,-0.53655,-1.58488,0.41731,0.12676,0.11513,0.00320
42.04,0,-3.95042,-2.46695,-0.09108,0.49355,0.17528,0.00000,
42.04,1,-4.42859,-1.65888,-1.23684,0.35537,0.46966,0.06105,0.01974
42.04,2,-4.45538,-0.54615,-1.58313,0.49357,0.02385,0.11305,0.01110
42.06,0,-3.94059,-2.46785,-0.08765,0.49358,0.16858,0.00000,
42.06,1,-4.42602,-1.66598,-1.22932,0.39302,0.34404,0.06265,0.02961
42.06,2,-4.45548,-0.55520,-1.58240,0.43325,0.05127,0.11118,0.01865
42.08,0,-3.93075,-2.46871,-0.08435,0.49362,0.16215,0.00000,
42.08,1,-4.42342,-1.67324,-1.22247,0.37346,0.34651,0.06432,0.03948
42.08,2,-4.45557,-0.56266,-1.58125,0.26821,0.05013,0.11105,0.02636
42.1,0,-3.92092,-2.46954,-0.08117,0.49365,0.15595,0.00000,
42.1,1,-4.42120,-1.67897,-1.21403,0.28003,0.39210,0.06443,0.04936
42.1,2,-4.45564,-0.56836,-1.58012,0.30168,0.06341,0.11114,0.03250
42.12,0,-3.91108,-2.47034,-0.07812,0.49368,0.15000,0.00000,
42.12,1,-4.41910,-1.68443,-1.20750,0.33080,0.47118,0.06418,0.00987
42.12,2,-4.45570,-0.57482,-1.57851,0.38322,0.15467,0.11021,0.00300
42.14,0,-3.90123,-2.47111,-0.07518,0.49371,0.14427,0.00000,
42.14,1,-4.41615,-1.69176,-1.19288,0.36075,0.49382,0.06590,0.01975
42.14,2,-4.45576,-0.58311,-1.57426,0.41031,0.15335,0.10936,0.01090
42.16,0,-3.89139,-2.47186,-0.07236,0.49373,0.13876,0.00000,
42.16,1,-4.41329,-1.69851,-1.18573,0.38050,0.33396,0.06702,0.02962
42.16,2,-4.45581,-0.59123,-1.57249,0.39213,0.06198,0.10809,0.01823
42.18,0,-3.88154,-2.47257,-0.06964,0.49375,0.13347,0.00000,
42.18,1,-4.41042,-1.70547,-1.17872,0.36729,0.36400,0.06825,0.03950
42.18,2,-4.45581,-0.59846,-1.57143,0.29624,0.05137,0.10793,0.02576
42.2,0,-3.87169,-2.47326,-0.06703,0.49378,0.12837,0.00000,
42.2,1,-4.40793,-1.71118,-1.17026,0.27566,0.41984,0.06816,0.04937
42.2,2,-4.45581,-0.60379,-1.57032,0.28222,0.06218,0.10842,0.03199
42.22,0,-3.86183,-2.47392,-0.06452,0.49380,0.12347,0.00000,
42.22,1,-4.40550,-1.71673,-1.16161,0.38268,0.75133,0.06785,0.00988
42.22,2,-4.45581,-0.60975,-1.56897,0.30508,0.06903,0.10812,0.03805
42.24,0,-3.85198,-2.47456,-0.06210,0.49381,0.11876,0.00000,
42.24,1,-4.40239,-1.72383,-1.14965,0.34501,0.33517,0.06912,0.01975
42.24,2,-4.45578,-0.61685,-1.56604,0.40462,0.13663,0.10826,0.01101
42.26,0,-3.84212,-2.47517,-0.05977,0.49383,0.11422,0.00000,
42.26,1,-4.39937,-1.73045,-1.14275,0.38493,0.40301,0.06988,0.02963
42.26,2,-4.45575,-0.62481,-1.56564,0.37686,0.01599,0.10708,0.01829
42.28,0,-3.83226,-2.47576,-0.05754,0.49385,0.10986,0.00000,
42.28,1,-4.39619,-1.73737,-1.13429,0.34895,0.44455,0.07089,0.03951
42.28,2,-4.45569,-0.63233,-1.56457,0.37030,0.08095,0.10664,0.02590
42.3,0,-3.82240,-2.47633,-0.05539,0.49386,0.10567,0.00000,
42.3,1,-4.39363,-1.74263,-1.12552,0.28653,0.35756,0.07015,0.04938
42.3,2,-4.45564,-0.63857,-1.56269,0.25644,0.09352,0.10580,0.03175
42.32,0,-3.81254,-2.47687,-0.05332,0.49388,0.10163,0.00000,
42.32,1,-4.39112,-1.74780,-1.11919,0.28791,0.30982,0.06924,0.00988
42.32,2,-4.45559,-0.64406,-1.56111,0.28849,0.06997,0.10562,0.03750
42.34,0,-3.80267,-2.47740,-0.05133,0.49389,0.09775,0.00000,
42.34,1,-4.38755,-1.75482,-1.10499,0.37628,0.50405,0.07037,0.01976
42.34,2,-4.45550,-0.65146,-1.55827,0.45554,0.23190,0.10544,0.01075
42.36,0,-3.79281,-2.47791,-0.04941,0.49390,0.09402,0.00000,
42.36,1,-4.38396,-1.76084,-1.09852,0.35319,0.34887,0.07068,0.02963
42.36,2,-4.45536,-0.65970,-1.55675,0.40499,0.03880,0.10345,0.01776
42.38,0,-3.78294,-2.47839,-0.04757,0.49391,0.09043,0.00000,
42.38,1,-4.38058,-1.76713,-1.09071,0.33714,0.43350,0.07099,0.03951
42.38,2,-4.45516,-0.66759,-1.55600,0.37771,0.04940,0.10207,0.02490
42.4,0,-3.77308,-2.47886,-0.04580,0.49392,0.08698,0.00000,
42.4,1,-4.37783,-1.77223,-1.08190,0.28743,0.38071,0.06991,0.04939
42.4,2,-4.45503,-0.67399,-1.55439,0.24911,0.09898,0.10096,0.03069
42.42,0,-3.76321,-2.47932,-0.04410,0.49393,0.08366,0.00000,
42.42,1,-4.37425,-1.77887,-1.06948,0.42654,0.63865,0.07049,0.00988
42.42,2,-4.45492,-0.67952,-1.55261,0.36593,0.08196,0.10231,0.00422
42.44,0,-3.75334,-2.47975,-0.04246,0.49394,0.08047,0.00000,
42.44,1,-4.37061,-1.78533,-1.06185,0.35901,0.32286,0.07089,0.01976
42.44,2,-4.45480,-0.68647,-1.54696,0.32011,0.30832,0.10208,0.01163
42.46,0,-3.74347,-2.48017,-0.04089,0.49395,0.07740,0.00000,
42.46,1,-4.36685,-1.79189,-1.05333,0.38346,0.46428,0.07138,0.02964
42.46,2,-4.45465,-0.69353,-1.54283,0.41029,0.12038,0.10187,0.01919
42.48,0,-3.73360,-2.48058,-0.03937,0.49395,0.07444,0.00000,
42.48,1,-4.36343,-1.79775,-1.04399,0.29256,0.45366,0.07106,0.03951
42.48,2,-4.45440,-0.70215,-1.54159,0.43645,0.04465,0.09937,0.02598
42.5,0,-3.72373,-2.48096,-0.03791,0.49396,0.07160,0.00000,
42.5,1,-4.36047,-1.80276,-1.03634,0.28983,0.34666,0.06972,0.04939
42.5,2,-4.45413,-0.71106,-1.54025,0.44218,0.08543,0.09570,0.03179
42.52,0,-3.71385,-2.48134,-0.03651,0.49397,0.06887,0.00000,
42.52,1,-4.35640,-1.80948,-1.02389,0.41160,0.53066,0.07034,0.00988
42.52,2,-4.45386,-0.71999,-1.53805,0.54953,0.19657,0.09384,0.00425
42.54,0,-3.70398,-2.48170,-0.03516,0.49397,0.06624,0.00000,
42.54,1,-4.35240,-1.81561,-1.01806,0.36801,0.29898,0.07042,0.01976
42.54,2,-4.45359,-0.73323,-1.53482,0.63892,0.21574,0.08710,0.01157
42.56,0,-3.69411,-2.48205,-0.03387,0.49398,0.06371,0.00000,
42.56,1,-4.34837,-1.82197,-1.00993,0.37600,0.45689,0.07061,0.02964
42.56,2,-4.45318,-0.74468,-1.53181,0.55334,0.04788,0.08237,0.01910
42.58,0,-3.68423,-2.48238,-0.03262,0.49398,0.06128,0.00000,
42.58,1,-4.34494,-1.82734,-1.00079,0.29015,0.41906,0.06961,0.03952
42.58,2,-4.45272,-0.75388,-1.53125,0.32822,0.06955,0.07885,0.02547
42.6,0,-3.67436,-2.48270,-0.03142,0.49399,0.05894,0.00000,
42.6,1,-4.34179,-1.83221,-0.99330,0.29063,0.35563,0.06801,0.04940
42.6,2,-4.45244,-0.76058,-1.53070,0.34291,0.02611,0.07733,0.03127
42.62,0,-3.66448,-2.48301,-0.03027,0.49399,0.05669,0.00000,
42.62,1,-4.33801,-1.83790,-0.98299,0.43093,0.71227,0.06737,0.00988
42.62,2,-4.45213,-0.76723,-1.53051,0.29013,-0.57719,0.07674,0.00393
42.64,0,-3.65461,-2.48331,-0.02916,0.49399,0.05453,0.00000,
42.64,1,-4.33343,-1.84418,-0.97611,0.36924,0.20014,0.06764,0.01976
42.64,2,-4.45181,-0.77256,-1.54686,0.26686,-0.81719,0.07814,0.01170
42.66,0,-3.64473,-2.48360,-0.02809,0.49400,0.05245,0.00000,
42.66,1,-4.32911,-1.85013,-0.97120,0.36309,0.31806,0.06745,0.02964
42.66,2,-4.45165,-0.77936,-1.57332,0.37425,-1.12341,0.07776,0.01905
42.68,0,-3.63486,-2.48388,-0.02706,0.49400,0.05045,0.00000,
42.68,1,-4.32530,-1.85559,-0.96324,0.29642,0.42744,0.06649,0.03952
42.68,2,-4.45155,-0.78665,-1.58004,0.36488,0.04625,0.07638,0.02571
42.7,0,-3.62498,-2.48415,-0.02607,0.49400,0.04852,0.00000,
42.7,1,-4.32189,-1.86048,-0.95489,0.30018,0.40770,0.06478,0.04940
42.7,2,-4.45148,-0.79312,-1.57399,0.31786,0.38534,0.07519,0.03167
42.72,0,-3.61510,-2.48440,-0.02512,0.49401,0.04667,0.00000,
42.72,1,-4.31840,-1.86540,-0.94705,0.30171,0.37998,0.06310,0.00988
42.72,2,-4.45146,-0.79936,-1.56756,0.30750,0.25260,0.07431,0.03770
42.74,0,-3.60523,-2.48465,-0.02421,0.49401,0.04489,0.00000,
42.74,1,-4.31331,-1.87237,-0.93445,0.45409,0.57931,0.06391,0.01976
42.74,2,-4.45143,-0.80593,-1.56245,0.42458,0.36544,0.07534,0.01165
42.76,0,-3.59535,-2.48489,-0.02333,0.49401,0.04318,0.00000,
42.76,1,-4.30862,-1.87861,-0.92732,0.38124,0.37375,0.06388,0.02964
42.76,2,-4.45141,-0.81476,-1.55987,0.40966,0.11563,0.07340,0.01946
42.78,0,-3.58547,-2.48512,-0.02249,0.49401,0.04153,0.00000,
42.78,1,-4.30395,-1.88472,-0.91806,0.38150,0.48116,0.06369,0.03952
42.78,2,-4.45133,-0.82165,-1.55629,0.33891,0.22822,0.07324,0.02715
42.8,0,-3.57559,-2.48534,-0.02167,0.49402,0.03995,0.00000,
42.8,1,-4.30033,-1.88951,-0.90961,0.28259,0.38244,0.06178,0.04940
42.8,2,-4.45121,-0.82840,-1.55127,0.28901,0.26732,0.07178,0.03315
42.82,0,-3.56572,-2.48556,-0.02089,0.49402,0.03842,0.00000,
42.82,1,-4.29686,-1.89400,-0.90228,0.28492,0.36355,0.05952,0.00988
42.82,2,-4.45107,-0.83357,-1.54638,0.26947,0.21401,0.07159,0.03882
42.84,0,-3.55584,-2.48576,-0.02014,0.49402,0.03696,0.00000,
42.84,1,-4.29189,-1.90010,-0.89345,0.37400,0.19820,0.05937,0.01976
42.84,2,-4.45088,-0.84038,-1.53832,0.37334,0.46063,0.07158,0.01071
42.86,0,-3.54596,-2.48596,-0.01941,0.49402,0.03555,0.00000,
42.86,1,-4.28729,-1.90558,-0.89053,0.36028,0.22118,0.05850,0.02964
42.86,2,-4.45068,-0.84683,-1.53169,0.28948,0.22277,0.07128,0.01786
42.88,0,-3.53608,-2.48615,-0.01872,0.49402,0.03419,0.00000,
42.88,1,-4.28270,-1.91117,-0.88325,0.34314,0.43094,0.05764,0.03952
42.88,2,-4.45044,-0.85306,-1.52820,0.32417,0.16545,0.07132,0.02510
42.9,0,-3.52620,-2.48634,-0.01805,0.49403,0.03289,0.00000,
42.9,1,-4.27896,-1.91579,-0.87497,0.29316,0.42198,0.05546,0.04940
42.9,2,-4.45017,-0.85952,-1.52446,0.31808,0.20474,0.07006,0.03105
42.92,0,-3.51632,-2.48652,-0.01741,0.49403,0.03163,0.00000,
42.92,1,-4.27519,-1.92035,-0.86665,0.29661,0.40303,0.05320,0.00988
42.92,2,-4.44990,-0.86446,-1.51977,0.23463,0.21592,0.07025,0.03695
42.94,0,-3.50644,-2.48669,-0.01679,0.49403,0.03043,0.00000,
42.94,1,-4.26960,-1.92663,-0.85617,0.40746,0.29661,0.05339,0.01976
42.94,2,-4.44960,-0.86995,-1.51526,0.38742,0.35188,0.07190,0.01138
42.96,0,-3.49656,-2.48686,-0.01619,0.49403,0.02927,0.00000,
42.96,1,-4.26430,-1.93260,-0.85106,0.39407,0.28581,0.05310,0.02964
42.96,2,-4.44912,-0.87770,-1.51023,0.35374,0.15192,0.07096,0.01936
42.98,0,-3.48669,-2.48702,-0.01562,0.49403,0.02815,0.00000,
42.98,1,-4.25933,-1.93822,-0.84385,0.36014,0.41035,0.05229,0.03952
42.98,2,-4.44857,-0.88474,-1.50727,0.34952,0.13861,0.07035,0.02687
43.0,0,-3.47681,-2.48717,-0.01507,0.49403,0.02708,0.00000,
43.0,1,-4.25491,-1.94317,-0.83563,0.27937,0.35739,0.05059,0.04940
43.0,2,-4.44810,-0.89139,-1.50407,0.29512,0.20727,0.06938,0.03350
43.02,0,-3.46693,-2.48732,-0.01454,0.49403,0.02604,0.00000,
43.02,1,-4.24954,-1.94898,-0.82656,0.43255,0.34618,0.05011,0.00988
43.02,2,-4.44770,-0.89600,-1.49930,0.23758,0.20401,0.07147,0.04141
43.04,0,-3.45705,-2.48746,-0.01403,0.49403,0.02505,0.00000,
43.04,1,-4.24429,-1.95469,-0.81997,0.35016,0.19979,0.04942,0.01976
43.04,2,-4.44731,-0.90177,-1.49483,0.34112,0.38133,0.07231,0.01205
43.06,0,-3.44717,-2.48760,-0.01354,0.49403,0.02410,0.00000,
43.06,1,-4.23901,-1.96006,-0.81239,0.40045,0.51620,0.04852,0.02964
43.06,2,-4.44685,-0.90805,-1.48939,0.31367,0.19660,0.07234,0.01958
43.08,0,-3.43729,-2.48773,-0.01306,0.49403,0.02318,0.00000,
43.08,1,-4.23407,-1.96532,-0.80309,0.32412,0.41080,0.04723,0.03952
43.08,2,-4.44632,-0.91482,-1.48606,0.36025,0.16071,0.07173,0.02680
43.1,0,-3.42741,-2.48786,-0.01261,0.49403,0.02229,0.00000,
43.1,1,-4.22970,-1.96993,-0.79480,0.31329,0.41398,0.04505,0.04940
43.1,2,-4.44561,-0.92276,-1.48231,0.41712,0.20600,0.06920,0.03315
43.12,0,-3.41753,-2.48799,-0.01217,0.49404,0.02144,0.00000,
43.12,1,-4.22529,-1.97446,-0.78651,0.36154,0.50723,0.04282,0.00988
43.12,2,-4.44486,-0.93075,-1.47800,0.33061,0.28117,0.06656,0.00320
43.14,0,-3.40765,-2.48811,-0.01175,0.49404,0.02062,0.00000,
43.14,1,-4.21870,-1.98084,-0.77638,0.43549,0.35864,0.04338,0.01976
43.14,2,-4.44435,-0.93630,-1.49682,0.26596,-1.15254,0.06863,0.01237
43.16,0,-3.39777,-2.48822,-0.01135,0.49404,0.01984,0.00000,
43.16,1,-4.21276,-1.98649,-0.77042,0.40554,0.29345,0.04295,0.02964
43.16,2,-4.44379,-0.94014,-1.51403,0.11683,-0.63547,0.07155,0.02057
43.18,0,-3.38789,-2.48834,-0.01096,0.49404,0.01908,0.00000,
43.18,1,-4.20717,-1.99187,-0.76377,0.34168,0.31200,0.04203,0.03952
43.18,2,-4.44313,-0.94169,-1.52177,0.01466,0.40491,0.07635,0.02833
43.2,0,-3.37801,-2.48844,-0.01059,0.49404,0.01835,0.00000,
43.2,1,-4.20279,-1.99620,-0.75688,0.30779,0.41886,0.03950,0.04940
43.2,2,-4.44288,-0.94248,-1.50191,0.11234,1.00478,0.08073,0.03449
43.22,0,-3.36813,-2.48855,-0.01023,0.49404,0.01765,0.00000,
43.22,1,-4.19826,-2.00051,-0.74808,0.31510,0.42846,0.03703,0.05928
43.22,2,-4.44262,-0.94582,-1.48821,0.19039,0.75088,0.08262,0.00314
43.24,0,-3.35825,-2.48865,-0.00988,0.49404,0.01698,0.00000,
43.24,1,-4.19212,-2.00601,-0.73764,0.49387,0.46906,0.03652,0.01976
43.24,2,-4.44238,-0.95085,-1.46458,0.25390,0.85662,0.08442,0.01139
43.26,0,-3.34837,-2.48875,-0.00955,0.49404,0.01633,0.00000,
43.26,1,-4.18554,-2.01180,-0.73032,0.42699,0.34806,0.03650,0.02964
43.26,2,-4.44203,-0.95659,-1.45928,0.32653,-0.02642,0.08594,0.02015
43.28,0,-3.33849,-2.48884,-0.00923,0.49404,0.01571,0.00000,
43.28,1,-4.17938,-2.01734,-0.72302,0.39673,0.36855,0.03594,0.03952
43.28,2,-4.44121,-0.96346,-1.45917,0.36133,0.10723,0.08591,0.02843
43.3,0,-3.32861,-2.48893,-0.00892,0.49404,0.01511,0.00000,
43.3,1,-4.17405,-2.02210,-0.71618,0.29450,0.25277,0.03423,0.04940
43.3,2,-4.44032,-0.97051,-1.45468,0.34449,0.28138,0.08477,0.03558
43.32,0,-3.31873,-2.48902,-0.00863,0.49404,0.01454,0.00000,
43.32,1,-4.16960,-2.02607,-0.70912,0.30430,0.41645,0.03133,0.00988
43.32,2,-4.43951,-0.97707,-1.44919,0.32113,0.25292,0.08317,0.04154
43.34,0,-3.30885,-2.48911,-0.00834,0.49404,0.01398,0.00000,
43.34,1,-4.16273,-2.03178,-0.69990,0.45280,0.34466,0.03136,0.01976
43.34,2,-4.43863,-0.98398,-1.44237,0.40817,0.54234,0.08352,0.01195
43.36,0,-3.29896,-2.48919,-0.00807,0.49404,0.01345,0.00000,
43.36,1,-4.15646,-2.03688,-0.69322,0.40058,0.38780,0.03053,0.02964
43.36,2,-4.43755,-0.99223,-1.43249,0.39396,0.37293,0.08181,0.02003
43.38,0,-3.28908,-2.48927,-0.00781,0.49404,0.01294,0.00000,
43.38,1,-4.15017,-2.04201,-0.68477,0.40507,0.42270,0.02969,0.03952
43.38,2,-4.43661,-0.99910,-1.42775,0.31421,0.16776,0.08153,0.02814
43.4,0,-3.27920,-2.48935,-0.00755,0.49404,0.01244,0.00000,
43.4,1,-4.14535,-2.04630,-0.67881,0.30570,0.35061,0.02712,0.04940
43.4,2,-4.43578,-1.00460,-1.42371,0.21703,0.29578,0.08143,0.03460
43.42,0,-3.26932,-2.48942,-0.00731,0.49404,0.01197,0.00000,
43.42,1,-4.13937,-2.05123,-0.67146,0.43987,0.21687,0.02584,0.00988
43.42,2,-4.43498,-1.00942,-1.41897,0.26572,0.19893,0.08294,0.04235
43.44,0,-3.25944,-2.48949,-0.00707,0.49404,0.01151,0.00000,
43.44,1,-4.13323,-2.05603,-0.66666,0.37893,0.36108,0.02460,0.01976
43.44,2,-4.43411,-1.01543,-1.41378,0.30307,0.44120,0.08323,0.01215
43.46,0,-3.24956,-2.48956,-0.00685,0.49404,0.01107,0.00000,
43.46,1,-4.12686,-2.06092,-0.65718,0.41328,0.49357,0.02359,0.02964
43.46,2,-4.43323,-1.02132,-1.40542,0.31388,0.28048,0.08381,0.02018
43.48,0,-3.23968,-2.48963,-0.00663,0.49404,0.01065,0.00000,
43.48,1,-4.12090,-2.06571,-0.64960,0.32799,0.25678,0.02212,0.03952
43.48,2,-4.43206,-1.02848,-1.40233,0.39948,0.11938,0.08290,0.02783
43.5,0,-3.22980,-2.48970,-0.00642,0.49404,0.01025,0.00000,
43.5,1,-4.11583,-2.06978,-0.64239,0.32478,0.41875,0.01951,0.04940
43.5,2,-4.43066,-1.03647,-1.39934,0.41287,0.19311,0.08020,0.03433
43.52,0,-3.21992,-2.48976,-0.00622,0.49404,0.00986,0.00000,
43.52,1,-4.10982,-2.07420,-0.63267,0.49683,0.62876,0.01786,0.00988
43.52,2,-4.42919,-1.04481,-1.39459,0.42211,0.25068,0.07780,0.04179
43.54,0,-3.21004,-2.48982,-0.00603,0.49404,0.00948,0.00000,
43.54,1,-4.10236,-2.07958,-0.62259,0.44209,0.49673,0.01789,0.01976
43.54,2,-4.42791,-1.05156,-1.38783,0.20739,0.50707,0.07833,0.01340
43.56,0,-3.20016,-2.48988,-0.00584,0.49404,0.00912,0.00000,
43.56,1,-4.09517,-2.08462,-0.61310,0.42563,0.41271,0.01752,0.02964
43.56,2,-4.42742,-1.05397,-1.38016,0.06146,0.32543,0.08288,0.02219
43.58,0,-3.19028,-2.48994,-0.00567,0.49404,0.00877,0.00000,
43.58,1,-4.08844,-2.08930,-0.60686,0.38026,0.22243,0.01653,0.03952
43.58,2,-4.42751,-1.05435,-1.37426,-0.01270,0.27022,0.08908,0.03038
43.6,0,-3.18040,-2.48999,-0.00549,0.49404,0.00844,0.00000,
43.6,1,-4.08320,-2.09324,-0.60255,0.32508,0.34447,0.01386,0.04940
43.6,2,-4.42760,-1.05506,-1.37362,0.11882,-0.06471,0.09381,0.03693
43.62,0,-3.17052,-2.49005,-0.00533,0.49404,0.00812,0.00000,
43.62,1,-4.07612,-2.09803,-0.59357,0.50247,0.35150,0.01319,0.00988
43.62,2,-4.42711,-1.05827,-1.37583,0.18818,-0.31936,0.09741,0.04548
43.64,0,-3.16064,-2.49010,-0.00517,0.49404,0.00781,0.00000,
43.64,1,-4.06875,-2.10306,-0.58530,0.42422,0.45269,0.01285,0.01976
43.64,2,-4.42660,-1.06188,-1.38246,0.18201,-0.33112,0.10096,0.01386
43.66,0,-3.15076,-2.49015,-0.00502,0.49404,0.00751,0.00000,
43.66,1,-4.06158,-2.10756,-0.57703,0.42041,0.35349,0.01209,0.02964
43.66,2,-4.42592,-1.06692,-1.36503,0.37760,1.92805,0.10258,0.02232
43.68,0,-3.14088,-2.49020,-0.00487,0.49404,0.00722,0.00000,
43.68,1,-4.05547,-2.11180,-0.57270,0.31231,0.11258,0.01021,0.03952
43.68,2,-4.42476,-1.07489,-1.34044,0.42033,0.58042,0.10070,0.02975
43.7,0,-3.13099,-2.49025,-0.00473,0.49404,0.00695,0.00000,
43.7,1,-4.05022,-2.11546,-0.56625,0.32768,0.43181,0.00731,0.04940
43.7,2,-4.42309,-1.08301,-1.33189,0.41822,0.39066,0.09772,0.03616
43.72,0,-3.12111,-2.49030,-0.00459,0.49404,0.00668,0.00000,
43.72,1,-4.04465,-2.11908,-0.55751,0.35739,0.53059,0.00465,0.00988
43.72,2,-4.42093,-1.09139,-1.32693,0.44333,0.14789,0.09441,0.04280
43.74,0,-3.11123,-2.49034,-0.00446,0.49404,0.00643,0.00000,
43.74,1,-4.03707,-2.12341,-0.54400,0.44128,0.67858,0.00411,0.01976
43.74,2,-4.41942,-1.09584,-1.32220,0.12240,0.14000,0.09641,0.01206
43.76,0,-3.10135,-2.49039,-0.00434,0.49404,0.00618,0.00000,
43.76,1,-4.02966,-2.12771,-0.53101,0.40742,0.57942,0.00336,0.02964
43.76,2,-4.41874,-1.09723,-1.32010,0.04458,0.08223,0.10148,0.02062
43.78,0,-3.09147,-2.49043,-0.00422,0.49404,0.00595,0.00000,
43.78,1,-4.02237,-2.13204,-0.52487,0.39078,0.07317,0.00250,0.03952
43.78,2,-4.41842,-1.09754,-1.31882,-0.00889,0.04168,0.10772,0.02910
43.8,0,-3.08159,-2.49047,-0.00410,0.49404,0.00572,0.00000,
43.8,1,-4.01607,-2.13591,-0.52211,0.36667,0.26789,0.00052,0.04940
43.8,2,-4.41854,-1.09695,-1.31922,0.00004,-0.11495,0.11419,0.03649
43.82,0,-3.07171,-2.49051,-0.00399,0.49404,0.00550,0.00000,
43.82,1,-4.00949,-2.13968,-0.51475,0.46975,0.51022,0.00125,0.00988
43.82,2,-4.41822,-1.09878,-1.32173,0.15983,-0.12640,0.11828,0.04408
43.84,0,-3.06183,-2.49055,-0.00388,0.49404,0.00529,0.00000,
43.84,1,-3.99984,-2.14483,-0.50560,0.53125,0.44326,0.00030,0.01976
43.84,2,-4.41771,-1.10235,-1.32919,0.17877,-0.41876,0.12311,0.01488
43.86,0,-3.05195,-2.49059,-0.00378,0.49404,0.00509,0.00000,
43.86,1,-3.99161,-2.14935,-0.49583,0.45910,0.39392,0.00030,0.02964
43.86,2,-4.41724,-1.10592,-1.33761,0.18104,-0.42619,0.12690,0.02427
43.88,0,-3.04207,-2.49063,-0.00368,0.49404,0.00490,0.00000,
43.88,1,-3.98416,-2.15354,-0.49185,0.34475,-0.01738,0.00059,0.03952
43.88,2,-4.41635,-1.11028,-1.34323,0.35939,0.39374,0.12923,0.03281
43.9,0,-3.03219,-2.49066,-0.00358,0.49404,0.00471,0.00000,
43.9,1,-3.97900,-2.15693,-0.49199,0.30234,0.04891,0.00391,0.04940
43.9,2,-4.41467,-1.11789,-1.34191,0.40076,-0.05084,0.12668,0.03897
43.92,0,-3.02231,-2.49070,-0.00349,0.49404,0.00453,0.00000,
43.92,1,-3.97349,-2.16003,-0.48887,0.32946,0.25211,0.00702,0.05929
43.92,2,-4.41326,-1.12557,-1.34081,0.36369,0.15952,0.12406,0.04530
43.94,0,-3.01243,-2.49073,-0.00340,0.49404,0.00436,0.00000,
43.94,1,-3.96545,-2.16389,-0.47743,0.48294,0.79705,0.00751,0.01976
43.94,2,-4.41163,-1.13245,-1.32949,0.34648,0.78495,0.12380,0.01215
43.96,0,-3.00254,-2.49077,-0.00331,0.49404,0.00419,0.00000,
43.96,1,-3.95671,-2.16793,-0.46147,0.46652,0.79760,0.00730,0.02964
43.96,2,-4.40983,-1.13936,-1.31719,0.33069,0.52193,0.12396,0.02178
43.98,0,-2.99266,-2.49080,-0.00323,0.49404,0.00403,0.00000,
43.98,1,-3.94885,-2.17191,-0.44814,0.45182,0.43989,0.00796,0.03952
43.98,2,-4.40798,-1.14611,-1.31116,0.36030,0.19390,0.12386,0.03058
44.0,0,-2.98278,-2.49083,-0.00315,0.49404,0.00388,0.00000,
44.0,1,-3.94172,-2.17576,-0.44618,0.33713,-0.09411,0.00937,0.04940
44.0,2,-4.40610,-1.15304,-1.30703,0.35392,0.24455,0.12322,0.03869
44.02,0,-2.97290,-2.49086,-0.00308,0.49404,0.00373,0.00000,
44.02,1,-3.93352,-2.17941,-0.43882,0.53084,0.74481,0.00985,0.00988
44.02,2,-4.40427,-1.15987,-1.30136,0.42327,0.29008,0.12298,0.00522
44.04,0,-2.96302,-2.49089,-0.00300,0.49404,0.00359,0.00000,
44.04,1,-3.92480,-2.18313,-0.42386,0.46420,0.57956,0.00982,0.01976
44.04,2,-4.40203,-1.16885,-1.29463,0.47015,0.25818,0.12095,0.01470
44.06,0,-2.95314,-2.49092,-0.00293,0.49404,0.00345,0.00000,
44.06,1,-3.91619,-2.18730,-0.41615,0.47992,0.30701,0.00978,0.02964
44.06,2,-4.39978,-1.17729,-1.29334,0.45270,0.02007,0.11981,0.02426
44.08,0,-2.94326,-2.49095,-0.00287,0.49404,0.00332,0.00000,
44.08,1,-3.90788,-2.19106,-0.41179,0.43265,0.16054,0.01016,0.03952
44.08,2,-4.39704,-1.18678,-1.28949,0.51738,0.32106,0.11707,0.03338
44.1,0,-2.93338,-2.49098,-0.00280,0.49404,0.00320,0.00000,
44.1,1,-3.90130,-2.19411,-0.41111,0.32165,0.04035,0.01242,0.04940
44.1,2,-4.39415,-1.19632,-1.28121,0.48042,0.40824,0.11288,0.04064
44.12,0,-2.92350,-2.49101,-0.00274,0.49404,0.00307,0.00000,
44.12,1,-3.89446,-2.19703,-0.40591,0.50667,0.48143,0.01449,0.00988
44.12,2,-4.39144,-1.20504,-1.27410,0.43692,0.31460,0.10951,0.04807
44.14,0,-2.91362,-2.49103,-0.00268,0.49404,0.00296,0.00000,
44.14,1,-3.88495,-2.20072,-0.39434,0.44924,0.69699,0.01379,0.01976
44.14,2,-4.38928,-1.21088,-1.27985,0.27576,-0.46933,0.11092,0.01433
44.16,0,-2.90374,-2.49106,-0.00262,0.49404,0.00284,0.00000,
44.16,1,-3.87689,-2.20430,-0.38233,0.45377,0.44459,0.01452,0.02964
44.16,2,-4.38749,-1.21422,-1.28653,0.15878,-0.30681,0.11399,0.02315
44.18,0,-2.89386,-2.49109,-0.00256,0.49404,0.00274,0.00000,
44.18,1,-3.86883,-2.20787,-0.37879,0.36948,-0.12205,0.01527,0.03952
44.18,2,-4.38605,-1.21720,-1.28594,0.23446,-0.04201,0.11756,0.03196
44.2,0,-2.88397,-2.49111,-0.00251,0.49404,0.00263,0.00000,
44.2,1,-3.86264,-2.21070,-0.37896,0.34654,0.18974,0.01805,0.04940
44.2,2,-4.38435,-1.22281,-1.28600,0.26065,0.21092,0.11719,0.03876
44.22,0,-2.87409,-2.49114,-0.00246,0.49404,0.00253,0.00000,
44.22,1,-3.85616,-2.21327,-0.37325,0.32925,0.36790,0.02062,0.05929
44.22,2,-4.38277,-1.22755,-1.28980,0.29564,-0.80285,0.11758,0.00347
44.24,0,-2.86421,-2.49116,-0.00241,0.49404,0.00244,0.00000,
44.24,1,-3.84782,-2.21619,-0.36286,0.52556,0.67214,0.02132,0.01976
44.24,2,-4.38092,-1.23400,-1.30393,0.35992,-0.22097,0.11754,0.01229
44.26,0,-2.85433,-2.49118,-0.00236,0.49404,0.00234,0.00000,
44.26,1,-3.83866,-2.21941,-0.34757,0.46763,0.75090,0.02116,0.02964
44.26,2,-4.37866,-1.24172,-1.29604,0.43423,0.73023,0.11691,0.02200
44.28,0,-2.84445,-2.49121,-0.00232,0.49404,0.00225,0.00000,
44.28,1,-3.82973,-2.22292,-0.33875,0.47589,0.16975,0.02115,0.03952
44.28,2,-4.37627,-1.25011,-1.28211,0.42714,0.57624,0.11583,0.03160
44.3,0,-2.83457,-2.49123,-0.00227,0.49404,0.00217,0.00000,
44.3,1,-3.82174,-2.22588,-0.33972,0.33708,-0.26371,0.02221,0.04940
44.3,2,-4.37395,-1.25792,-1.27348,0.39310,0.35654,0.11440,0.04012
44.32,0,-2.82469,-2.49125,-0.00223,0.49404,0.00208,0.00000,
44.32,1,-3.81423,-2.22850,-0.33831,0.53196,0.51836,0.02383,0.00988
44.32,2,-4.37171,-1.26528,-1.26637,0.38135,0.37310,0.11291,0.04807
44.34,0,-2.81481,-2.49128,-0.00219,0.49404,0.00201,0.00000,
44.34,1,-3.80463,-2.23146,-0.32647,0.44690,0.66306,0.02335,0.01976
44.34,2,-4.36930,-1.27242,-1.25323,0.44776,0.75194,0.11293,0.01459
44.36,0,-2.80493,-2.49130,-0.00215,0.49404,0.00193,0.00000,
44.36,1,-3.79590,-2.23469,-0.31942,0.48107,0.15554,0.02366,0.02964
44.36,2,-4.36668,-1.28051,-1.24341,0.37281,0.25654,0.11187,0.02389
44.38,0,-2.79505,-2.49132,-0.00211,0.49404,0.00186,0.00000,
44.38,1,-3.78703,-2.23766,-0.31850,0.42246,-0.08157,0.02390,0.03952
44.38,2,-4.36405,-1.28805,-1.23715,0.42923,0.40051,0.11118,0.03325
44.4,0,-2.78517,-2.49134,-0.00208,0.49404,0.00179,0.00000,
44.4,1,-3.78005,-2.24010,-0.31961,0.37159,0.10374,0.02612,0.04940
44.4,2,-4.36119,-1.29608,-1.22814,0.37444,0.54506,0.10856,0.04064
44.42,0,-2.77529,-2.49136,-0.00204,0.49404,0.00172,0.00000,
44.42,1,-3.77287,-2.24244,-0.31583,0.38048,0.20452,0.02817,0.05929
44.42,2,-4.35868,-1.30255,-1.21946,0.39226,-0.23629,0.10751,0.00380
44.44,0,-2.76540,-2.49138,-0.00201,0.49404,0.00165,0.00000,
44.44,1,-3.76289,-2.24533,-0.30969,0.57193,0.43833,0.02738,0.01976
44.44,2,-4.35606,-1.30974,-1.22377,0.33245,-0.40477,0.10778,0.01419
44.46,0,-2.75560,-2.49140,-0.00197,0.50236,0.00158,0.00000,
44.46,1,-3.75326,-2.24855,-0.29704,0.49933,0.64372,0.02679,0.02957
44.46,2,-4.35397,-1.31513,-1.22889,0.28928,-0.16215,0.11002,0.02434
44.48,0,-2.74537,-2.49142,-0.00194,0.51475,0.00145,0.00000,
44.48,1,-3.74386,-2.25185,-0.28721,0.48535,0.28025,0.02682,0.03980
44.48,2,-4.35191,-1.32123,-1.22868,0.36246,0.26413,0.11166,0.03430
44.5,0,-2.73513,-2.49144,-0.00191,0.50899,0.00147,0.00000,
44.5,1,-3.73610,-2.25442,-0.28760,0.34061,-0.14086,0.02865,0.05004
44.5,2,-4.34918,-1.32878,-1.21905,0.42007,0.56737,0.11027,0.04247
44.52,0,-2.72501,-2.49146,-0.00188,0.50375,0.00143,0.00000,
44.52,1,-3.72854,-2.25665,-0.30129,0.40750,-1.25073,0.03063,0.01011
44.52,2,-4.34629,-1.33657,-1.20870,0.40485,0.45686,0.10823,0.05035
44.54,0,-2.71494,-2.49148,-0.00186,0.50398,0.00136,0.00000,
44.54,1,-3.72120,-2.25903,-0.32250,0.33384,-0.67332,0.03276,0.02018
44.54,2,-4.34332,-1.34473,-1.21062,0.46399,-1.30013,0.10588,0.01183
44.56,0,-2.70536,-2.49150,-0.00184,0.47217,0.00110,0.00000,
44.56,1,-3.71438,-2.26144,-0.32401,0.41606,0.28599,0.03491,0.02977
44.56,2,-4.34020,-1.35345,-1.23629,0.45450,-1.18228,0.10278,0.01906
44.58,0,-2.69578,-2.49151,-0.00181,0.48267,0.00145,0.00000,
44.58,1,-3.70568,-2.26434,-0.31643,0.47452,0.34562,0.03513,0.03934
44.58,2,-4.33758,-1.36117,-1.24262,0.41450,0.49492,0.10228,0.02823
44.6,0,-2.68611,-2.49153,-0.00178,0.48338,0.00125,0.00000,
44.6,1,-3.69692,-2.26719,-0.31178,0.44306,0.15685,0.03541,0.04902
44.6,2,-4.33463,-1.36962,-1.22435,0.44324,1.02122,0.10105,0.03744
44.62,0,-2.67648,-2.49155,-0.00176,0.48028,0.00112,0.00000,
44.62,1,-3.68878,-2.26980,-0.30901,0.44893,0.18648,0.03630,0.00963
44.62,2,-4.33166,-1.37762,-1.20883,0.42772,0.51546,0.09968,0.04599
44.64,0,-2.66700,-2.49157,-0.00173,0.47503,0.00122,0.00000,
44.64,1,-3.67846,-2.27304,-0.30292,0.55760,0.30785,0.03479,0.01911
44.64,2,-4.32843,-1.38607,-1.19944,0.53221,0.66170,0.09963,0.01506
44.66,0,-2.65718,-2.49158,-0.00171,0.49992,0.00102,0.00000,
44.66,1,-3.66891,-2.27604,-0.29823,0.44643,0.17862,0.03444,0.02893
44.66,2,-4.32444,-1.39609,-1.18581,0.48172,0.50707,0.09727,0.02506
44.68,0,-2.64727,-2.49160,-0.00169,0.50217,0.00106,0.00000,
44.68,1,-3.66117,-2.27843,-0.29524,0.38781,0.14241,0.03606,0.03884
44.68,2,-4.32073,-1.40500,-1.17581,0.48668,0.51539,0.09449,0.03317
44.7,0,-2.63706,-2.49162,-0.00167,0.51349,0.00094,0.00000,
44.7,1,-3.65453,-2.28062,-0.29382,0.33645,0.09133,0.03912,0.04905
44.7,2,-4.31723,-1.41319,-1.16478,0.39083,0.58037,0.09160,0.04015
44.72,0,-2.62684,-2.49163,-0.00165,0.50754,0.00096,0.00000,
44.72,1,-3.64783,-2.28283,-0.28664,0.33142,0.63568,0.04212,0.01022
44.72,2,-4.31405,-1.42035,-1.15500,0.39388,0.42695,0.08982,0.04721
44.74,0,-2.61676,-2.49165,-0.00163,0.50255,0.00094,0.00000,
44.74,1,-3.64135,-2.28468,-0.27370,0.34624,0.61843,0.04529,0.02030
44.74,2,-4.31046,-1.42851,-1.14522,0.57692,0.69448,0.08662,0.01012
44.76,0,-2.60671,-2.49167,-0.00161,0.50290,0.00089,0.00000,
44.76,1,-3.63442,-2.28661,-0.26547,0.41929,0.16437,0.04797,0.03035
44.76,2,-4.30586,-1.43894,-1.13699,0.50873,0.16285,0.08138,0.01732
44.78,0,-2.59663,-2.49168,-0.00160,0.50446,0.00085,0.00000,
44.78,1,-3.62516,-2.28921,-0.26526,0.50282,-0.01650,0.04827,0.04043
44.78,2,-4.30129,-1.44794,-1.13122,0.51308,0.42985,0.07930,0.02693
44.8,0,-2.58704,-2.49170,-0.00159,0.47162,0.00065,0.00000,
44.8,1,-3.61587,-2.29176,-0.26402,0.45645,0.12740,0.04807,0.05001
44.8,2,-4.29719,-1.45621,-1.12045,0.37222,0.64946,0.07812,0.03656
44.82,0,-2.57749,-2.49172,-0.00157,0.48130,0.00096,0.00000,
44.82,1,-3.60669,-2.29426,-0.25857,0.49193,0.35711,0.04797,0.00955
44.82,2,-4.29383,-1.46287,-1.11037,0.37559,0.40317,0.07859,0.04607
44.84,0,-2.56785,-2.49173,-0.00155,0.48213,0.00080,0.00000,
44.84,1,-3.59724,-2.29677,-0.25370,0.47377,0.14792,0.04770,0.01920
44.84,2,-4.29022,-1.47026,-1.10822,0.47277,-0.59955,0.07858,0.01467
44.86,0,-2.55823,-2.49175,-0.00154,0.47931,0.00070,0.00000,
44.86,1,-3.58856,-2.29903,-0.25177,0.43134,0.08428,0.04820,0.02881
44.86,2,-4.28663,-1.47777,-1.12119,0.40660,-0.62995,0.07785,0.02364
44.88,0,-2.54886,-2.49176,-0.00152,0.48649,0.00075,0.00000,
44.88,1,-3.58042,-2.30114,-0.24981,0.38867,0.05090,0.04903,0.03819
44.88,2,-4.28260,-1.48558,-1.12486,0.46369,0.27103,0.07619,0.03205
44.9,0,-2.53867,-2.49178,-0.00151,0.51981,0.00056,0.00000,
44.9,1,-3.57364,-2.30306,-0.24877,0.36591,0.14080,0.05203,0.04837
44.9,2,-4.27851,-1.49406,-1.11253,0.46961,0.74533,0.07300,0.03910
44.92,0,-2.52833,-2.49179,-0.00149,0.51158,0.00064,0.00000,
44.92,1,-3.56653,-2.30501,-0.24176,0.33852,0.57088,0.05486,0.01034
44.92,2,-4.27448,-1.50233,-1.09957,0.45090,0.53779,0.07028,0.00342
44.94,0,-2.51825,-2.49181,-0.00148,0.49951,0.00066,0.00000,
44.94,1,-3.55977,-2.30660,-0.23006,0.35092,0.53124,0.05786,0.02042
44.94,2,-4.27180,-1.50763,-1.08497,0.22464,0.69275,0.07022,0.01036
44.96,0,-2.50828,-2.49182,-0.00147,0.49856,0.00061,0.00000,
44.96,1,-3.55209,-2.30845,-0.22423,0.47032,0.05659,0.05979,0.03039
44.96,2,-4.27046,-1.51079,-1.07164,0.15560,0.65313,0.07345,0.01826
44.98,0,-2.49828,-2.49184,-0.00146,0.50183,0.00058,0.00000,
44.98,1,-3.54209,-2.31078,-0.22480,0.52142,-0.02097,0.05940,0.04040
44.98,2,-4.26919,-1.51374,-1.06069,0.19876,0.39788,0.07886,0.02853
45.0,0,-2.48822,-2.49185,-0.00145,0.50301,0.00056,0.00000,
45.0,1,-3.53249,-2.31298,-0.22373,0.46490,0.10580,0.05948,0.05045
45.0,2,-4.26675,-1.51816,-1.05657,0.27274,0.03213,0.08207,0.03837
45.02,0,-2.47832,-2.49186,-0.00144,0.46428,0.00008,0.00000,
45.02,1,-3.52138,-2.31541,-0.21865,0.60831,0.31664,0.05788,0.00990
45.02,2,-4.26391,-1.52328,-1.06059,0.30022,-0.29284,0.08574,0.04975
45.04,0,-2.46892,-2.49188,-0.00143,0.47490,0.00059,0.00000,
45.04,1,-3.50970,-2.31805,-0.21473,0.56579,0.10845,0.05519,0.01930
45.04,2,-4.26152,-1.52753,-1.09095,0.19821,-1.83193,0.09094,0.01800
45.06,0,-2.45935,-2.49189,-0.00142,0.48047,0.00061,0.00000,
45.06,1,-3.49974,-2.32022,-0.21354,0.47239,0.04797,0.05446,0.02887
45.06,2,-4.25925,-1.53174,-1.11315,0.30906,-0.28206,0.09479,0.02820
45.08,0,-2.44975,-2.49191,-0.00141,0.47869,0.00047,0.00000,
45.08,1,-3.49191,-2.32209,-0.21397,0.34446,-0.06070,0.05590,0.03847
45.08,2,-4.25637,-1.53767,-1.11713,0.36554,0.09949,0.09531,0.03625
45.1,0,-2.44042,-2.49192,-0.00139,0.47859,0.00053,0.00000,
45.1,1,-3.48497,-2.32384,-0.21594,0.37569,-0.06272,0.05798,0.04780
45.1,2,-4.25239,-1.54572,-1.10715,0.50344,0.73611,0.09290,0.04340
45.12,0,-2.43034,-2.49193,-0.00139,0.51706,0.00032,0.00000,
45.12,1,-3.47550,-2.32589,-0.21312,0.53420,0.31002,0.05827,0.01008
45.12,2,-4.24791,-1.55390,-1.09901,0.46661,0.21703,0.09205,0.05309
45.14,0,-2.42002,-2.49195,-0.00138,0.51131,0.00041,0.00000,
45.14,1,-3.46613,-2.32822,-0.20616,0.47346,0.33396,0.05885,0.02041
45.14,2,-4.24354,-1.56212,-1.09288,0.47006,0.46252,0.09145,0.01504
45.16,0,-2.40994,-2.49196,-0.00137,0.49843,0.00044,0.00000,
45.16,1,-3.45711,-2.33028,-0.20200,0.40127,-0.00503,0.05958,0.03048
45.16,2,-4.23950,-1.56973,-1.07942,0.43635,0.69515,0.09113,0.02430
45.18,0,-2.40001,-2.49197,-0.00136,0.49652,0.00040,0.00000,
45.18,1,-3.44996,-2.33207,-0.20265,0.38465,0.04592,0.06205,0.04041
45.18,2,-4.23521,-1.57770,-1.06665,0.45863,0.59636,0.08890,0.03167
45.2,0,-2.39005,-2.49199,-0.00135,0.49977,0.00038,0.00000,
45.2,1,-3.44218,-2.33376,-0.20028,0.40256,0.14413,0.06396,0.05037
45.2,2,-4.23091,-1.58529,-1.05696,0.45042,0.52389,0.08734,0.03963
45.22,0,-2.38003,-2.49200,-0.00135,0.50122,0.00037,0.00000,
45.22,1,-3.43480,-2.33530,-0.19621,0.31595,0.29244,0.06635,0.01002
45.22,2,-4.22657,-1.59278,-1.04905,0.32468,-0.21247,0.08546,0.00370
45.24,0,-2.37001,-2.49202,-0.00134,0.50067,0.00036,0.00000,
45.24,1,-3.42875,-2.33680,-0.19369,0.33267,-0.00414,0.07005,0.02004
45.24,2,-4.22318,-1.59812,-1.05309,0.27289,-0.13579,0.08479,0.00994
45.26,0,-2.36001,-2.49203,-0.00133,0.50010,0.00034,0.00000,
45.26,1,-3.42194,-2.33838,-0.19566,0.38934,-0.03108,0.07299,0.03004
45.26,2,-4.22067,-1.60126,-1.05416,0.18141,-0.03060,0.08688,0.01693
45.28,0,-2.35001,-2.49204,-0.00133,0.50010,0.00033,0.00000,
45.28,1,-3.41370,-2.34008,-0.19327,0.39553,0.25303,0.07450,0.04004
45.28,2,-4.21838,-1.60451,-1.04808,0.29029,0.09457,0.09021,0.02533
45.3,0,-2.34056,-2.49206,-0.00132,0.46894,0.00022,0.00000,
45.3,1,-3.40543,-2.34184,-0.18835,0.45931,0.27515,0.07541,0.04948
45.3,2,-4.21502,-1.61002,-1.04415,0.29874,0.24269,0.09133,0.03380
45.32,0,-2.33107,-2.49207,-0.00132,0.47809,0.00044,0.00000,
45.32,1,-3.39618,-2.34362,-0.18350,0.47257,0.16327,0.07540,0.05898
45.32,2,-4.21183,-1.61508,-1.04098,0.28311,0.26868,0.09364,0.00474
45.34,0,-2.32150,-2.49208,-0.00131,0.47828,0.00032,0.00000,
45.34,1,-3.38579,-2.34557,-0.18080,0.58879,0.14583,0.07433,0.01907
45.34,2,-4.20955,-1.61834,-1.05273,0.19753,-0.31147,0.09884,0.01531
45.36,0,-2.31218,-2.49209,-0.00130,0.47101,0.00039,0.00000,
45.36,1,-3.37480,-2.34758,-0.17846,0.51035,0.09129,0.07240,0.02838
45.36,2,-4.20758,-1.62055,-1.05760,0.13955,-0.37989,0.10549,0.02648
45.38,0,-2.30220,-2.49211,-0.00130,0.51439,0.00015,0.00000,
45.38,1,-3.36588,-2.34920,-0.17695,0.42058,0.06999,0.07323,0.03836
45.38,2,-4.20527,-1.62419,-1.06233,0.27460,0.09354,0.10915,0.03554
45.4,0,-2.29189,-2.49212,-0.00129,0.51145,0.00024,0.00000,
45.4,1,-3.35769,-2.35066,-0.17548,0.42123,0.07736,0.07515,0.04867
45.4,2,-4.20213,-1.62894,-1.06267,0.29522,-0.27638,0.11084,0.04386
45.42,0,-2.28182,-2.49213,-0.00129,0.49791,0.00028,0.00000,
45.42,1,-3.35060,-2.35208,-0.17537,0.37459,0.06175,0.07792,0.05874
45.42,2,-4.19923,-1.63422,-1.06988,0.29908,-0.33543,0.11153,0.05109
45.44,0,-2.27192,-2.49214,-0.00128,0.49501,0.00025,0.00000,
45.44,1,-3.34284,-2.35348,-0.16906,0.38569,0.44629,0.07986,0.01998
45.44,2,-4.19664,-1.63933,-1.07109,0.21635,-0.15644,0.11310,0.01154
45.46,0,-2.26198,-2.49216,-0.00128,0.49816,0.00023,0.00000,
45.46,1,-3.33546,-2.35459,-0.16093,0.39601,0.26545,0.08226,0.02991
45.46,2,-4.19436,-1.64318,-1.07015,0.22458,0.45779,0.11526,0.01900
45.48,0,-2.25200,-2.49217,-0.00127,0.49989,0.00022,0.00000,
45.48,1,-3.32600,-2.35617,-0.16006,0.52387,-0.05607,0.08258,0.03990
45.48,2,-4.19200,-1.64732,-1.06136,0.25220,0.28535,0.11912,0.02859
45.5,0,-2.24200,-2.49218,-0.00127,0.49944,0.00022,0.00000,
45.5,1,-3.31584,-2.35785,-0.16045,0.49415,0.03457,0.08221,0.04989
45.5,2,-4.18936,-1.65238,-1.05403,0.31499,0.54298,0.12282,0.03889
45.52,0,-2.23202,-2.49220,-0.00126,0.49881,0.00021,0.00000,
45.52,1,-3.30636,-2.35939,-0.15911,0.47004,0.08116,0.08251,0.05987
45.52,2,-4.18612,-1.65783,-1.04212,0.36086,0.75289,0.12524,0.00474
45.54,0,-2.22204,-2.49221,-0.00126,0.49877,0.00020,0.00000,
45.54,1,-3.29460,-2.36110,-0.15624,0.68409,0.17348,0.08054,0.01996
45.54,2,-4.18192,-1.66520,-1.02441,0.40587,0.85400,0.12766,0.01662
45.56,0,-2.21207,-2.49222,-0.00125,0.49894,0.00019,0.00000,
45.56,1,-3.28236,-2.36307,-0.15235,0.57861,0.24669,0.07806,0.02993
45.56,2,-4.17727,-1.67257,-1.00975,0.49646,0.75367,0.13033,0.02901
45.58,0,-2.20209,-2.49223,-0.00125,0.49900,0.00019,0.00000,
45.58,1,-3.27156,-2.36478,-0.14868,0.51872,0.09835,0.07704,0.03991
45.58,2,-4.17153,-1.68161,-0.99517,0.54611,0.69698,0.12990,0.03996
45.6,0,-2.19211,-2.49225,-0.00125,0.49897,0.00018,0.00000,
45.6,1,-3.26366,-2.36624,-0.15026,0.34125,-0.16540,0.07894,0.04989
45.6,2,-4.16580,-1.69045,-0.98163,0.50687,0.66969,0.12718,0.04798
45.62,0,-2.18263,-2.49226,-0.00125,0.46658,0.00003,0.00000,
45.62,1,-3.25641,-2.36754,-0.15707,0.39200,-0.26686,0.08100,0.00948
45.62,2,-4.16076,-1.69804,-0.96744,0.32565,0.86380,0.12520,0.00383
45.64,0,-2.17318,-2.49227,-0.00124,0.47636,0.00029,0.00000,
45.64,1,-3.24856,-2.36872,-0.15596,0.40434,0.23814,0.08245,0.01893
45.64,2,-4.15784,-1.70230,-0.95414,0.19766,0.53777,0.12735,0.01177
45.66,0,-2.16362,-2.49228,-0.00124,0.47731,0.00020,0.00000,
45.66,1,-3.23898,-2.37020,-0.15235,0.52530,0.10966,0.08227,0.02848
45.66,2,-4.15644,-1.70489,-0.94446,0.12834,0.46908,0.13329,0.02145
45.68,0,-2.15433,-2.49229,-0.00123,0.47670,0.00021,0.00000,
45.68,1,-3.22871,-2.37178,-0.15120,0.50145,0.03925,0.08112,0.03778
45.68,2,-4.15515,-1.70734,-0.93569,0.16596,0.38150,0.14008,0.03185
45.7,0,-2.14428,-2.49231,-0.00123,0.51485,0.00003,0.00000,
45.7,1,-3.21937,-2.37321,-0.15014,0.45367,0.06734,0.08166,0.04782
45.7,2,-4.15233,-1.71115,-0.92983,0.27732,0.13690,0.14401,0.04130
45.72,0,-2.13401,-2.49232,-0.00123,0.50888,0.00013,0.00000,
45.72,1,-3.21004,-2.37456,-0.15214,0.52873,-1.07814,0.08246,0.01027
45.72,2,-4.14855,-1.71623,-0.93136,0.32076,-0.12276,0.14638,0.00494
45.74,0,-2.12399,-2.49233,-0.00123,0.49602,0.00017,0.00000,
45.74,1,-3.19975,-2.37591,-0.18886,0.51593,-1.88579,0.08204,0.02030
45.74,2,-4.14502,-1.72094,-0.94044,0.28836,-0.52227,0.15001,0.01532
45.76,0,-2.11410,-2.49234,-0.00122,0.49420,0.00014,0.00000,
45.76,1,-3.19013,-2.37763,-0.21027,0.46968,-0.15322,0.08212,0.03018
45.76,2,-4.14208,-1.72513,-0.94133,0.27132,0.09988,0.15411,0.02509
45.78,0,-2.10418,-2.49236,-0.00122,0.49745,0.00012,0.00000,
45.78,1,-3.18102,-2.37948,-0.20089,0.46653,0.65861,0.08273,0.04010
45.78,2,-4.13771,-1.73053,-0.92904,0.41822,0.87846,0.15603,0.03438
45.8,0,-2.09422,-2.49237,-0.00122,0.49889,0.00012,0.00000,
45.8,1,-3.17175,-2.38133,-0.19190,0.47555,0.24903,0.08324,0.05007
45.8,2,-4.13203,-1.73773,-0.91434,0.49419,0.65627,0.15601,0.04382
45.82,0,-2.08424,-2.49238,-0.00122,0.49833,0.00012,0.00000,
45.82,1,-3.16007,-2.38345,-0.18822,0.67632,0.18326,0.08133,0.00997
45.82,2,-4.12566,-1.74593,-0.90101,0.52033,0.65703,0.15706,0.05569
45.84,0,-2.07428,-2.49239,-0.00121,0.49776,0.00011,0.00000,
45.84,1,-3.14837,-2.38588,-0.18252,0.58395,0.29597,0.07936,0.01993
45.84,2,-4.11826,-1.75521,-0.88802,0.60599,0.50316,0.15691,0.01853
45.86,0,-2.06433,-2.49240,-0.00121,0.49776,0.00011,0.00000,
45.86,1,-3.13785,-2.38802,-0.17860,0.42734,0.00936,0.07858,0.02989
45.86,2,-4.11070,-1.76433,-0.87934,0.58749,0.37705,0.15561,0.02927
45.88,0,-2.05437,-2.49242,-0.00121,0.49793,0.00011,0.00000,
45.88,1,-3.12998,-2.38978,-0.17816,0.40747,0.04619,0.08050,0.03984
45.88,2,-4.10278,-1.77381,-0.86905,0.63859,0.61560,0.15141,0.03733
45.9,0,-2.04441,-2.49243,-0.00121,0.49798,0.00010,0.00000,
45.9,1,-3.12171,-2.39133,-0.17589,0.43008,0.16522,0.08203,0.04980
45.9,2,-4.09442,-1.78363,-0.85591,0.64288,0.65845,0.14693,0.04574
45.92,0,-2.03445,-2.49244,-0.00121,0.49794,0.00010,0.00000,
45.92,1,-3.11333,-2.39281,-0.17201,0.40724,0.22172,0.08347,0.05976
45.92,2,-4.08638,-1.79292,-0.84373,0.59268,0.56837,0.14310,0.05425
45.94,0,-2.02449,-2.49245,-0.00120,0.49792,0.00009,0.00000,
45.94,1,-3.10242,-2.39434,-0.16640,0.60805,0.34716,0.08239,0.01992
45.94,2,-4.07927,-1.80094,-0.83262,0.50159,0.55410,0.14296,0.01520
45.96,0,-2.01454,-2.49246,-0.00120,0.49792,0.00009,0.00000,
45.96,1,-3.09036,-2.39592,-0.15947,0.60819,0.34693,0.08015,0.02988
45.96,2,-4.07273,-1.80833,-0.82169,0.44019,0.49849,0.14469,0.02736
45.98,0,-2.00458,-2.49248,-0.00120,0.49793,0.00009,0.00000,
45.98,1,-3.07924,-2.39741,-0.15405,0.54593,0.14045,0.07886,0.03983
45.98,2,-4.06770,-1.81436,-0.81260,0.38729,0.45160,0.14762,0.03859
46.0,0,-1.99462,-2.49249,-0.00120,0.49793,0.00008,0.00000,
46.0,1,-3.07067,-2.39899,-0.15535,0.37515,-0.11536,0.08010,0.04979
46.0,2,-4.06339,-1.81952,-0.79365,0.32816,1.07726,0.14947,0.04729
46.02,0,-1.98533,-2.49250,-0.00120,0.46930,0.00007,0.00000,
46.02,1,-3.06246,-2.40041,-0.16411,0.44740,-0.48151,0.08106,0.00928
46.02,2,-4.05845,-1.82445,-0.77891,0.38871,0.55297,0.15053,0.05562
46.04,0,-1.97585,-2.49251,-0.00120,0.47658,0.00019,0.00000,
46.04,1,-3.05377,-2.40157,-0.16605,0.41924,0.21476,0.08175,0.01877
46.04,2,-4.05132,-1.83107,-0.76581,0.56660,0.85665,0.14916,0.01316
46.06,0,-1.96636,-2.49252,-0.00119,0.45633,0.00026,0.00000,
46.06,1,-3.04393,-2.40315,-0.16093,0.54083,0.23623,0.08127,0.02826
46.06,2,-4.04321,-1.83839,-0.75125,0.54075,0.64288,0.14783,0.02313
46.08,0,-1.95693,-2.49253,-0.00119,0.49779,-0.00001,0.00000,
46.08,1,-3.03331,-2.40491,-0.15728,0.52163,0.14960,0.07994,0.03769
46.08,2,-4.03574,-1.84564,-0.74042,0.51545,0.42780,0.14789,0.03389
46.1,0,-1.94670,-2.49255,-0.00119,0.51511,-0.00001,0.00000,
46.1,1,-3.02455,-2.40646,-0.15547,0.43014,0.12359,0.08128,0.04792
46.1,2,-4.02825,-1.85253,-0.73312,0.45016,0.28167,0.14640,0.04279
46.12,0,-1.93652,-2.49256,-0.00119,0.50197,0.00009,0.00000,
46.12,1,-3.01603,-2.40784,-0.15219,0.43289,0.17714,0.08282,0.01017
46.12,2,-4.02192,-1.85836,-0.72630,0.43042,0.42827,0.14618,0.05142
46.14,0,-1.92660,-2.49257,-0.00119,0.49323,0.00009,0.00000,
46.14,1,-3.00592,-2.40924,-0.17661,0.50869,-1.53842,0.08253,0.02009
46.14,2,-4.01403,-1.86531,-0.71752,0.52542,0.38256,0.14549,0.01453
46.16,0,-1.91673,-2.49258,-0.00119,0.49465,0.00006,0.00000,
46.16,1,-2.99679,-2.41079,-0.19557,0.44844,-0.18650,0.08315,0.02997
46.16,2,-4.00642,-1.87185,-0.71071,0.52758,0.39837,0.14447,0.02379
46.18,0,-1.90680,-2.49259,-0.00119,0.49760,0.00006,0.00000,
46.18,1,-2.98703,-2.41264,-0.18789,0.52513,0.59791,0.08318,0.03989
46.18,2,-3.99821,-1.87892,-0.70173,0.49815,0.37905,0.14340,0.03372
46.2,0,-1.89684,-2.49261,-0.00119,0.49800,0.00006,0.00000,
46.2,1,-2.97712,-2.41456,-0.17915,0.48455,0.28657,0.08309,0.04985
46.2,2,-3.99126,-1.88508,-0.69391,0.45504,0.44268,0.14404,0.04381
46.22,0,-1.88689,-2.49262,-0.00118,0.49725,0.00006,0.00000,
46.22,1,-2.96626,-2.41647,-0.17466,0.65282,0.22795,0.08205,0.00995
46.22,2,-3.98440,-1.89086,-0.68497,0.44476,0.43267,0.14581,0.05484
46.24,0,-1.87695,-2.49263,-0.00118,0.49693,0.00005,0.00000,
46.24,1,-2.95374,-2.41864,-0.17011,0.57976,0.22894,0.07933,0.01989
46.24,2,-3.97723,-1.89676,-0.67538,0.47266,0.73752,0.14886,0.01884
46.26,0,-1.86701,-2.49264,-0.00118,0.49706,0.00005,0.00000,
46.26,1,-2.94402,-2.42036,-0.16517,0.47265,0.20701,0.07944,0.02983
46.26,2,-3.96980,-1.90266,-0.66187,0.48444,0.59532,0.14901,0.02871
46.28,0,-1.85707,-2.49265,-0.00118,0.49719,0.00005,0.00000,
46.28,1,-2.93487,-2.42194,-0.16186,0.40911,0.07114,0.08012,0.03977
46.28,2,-3.96194,-1.90880,-0.65295,0.53680,0.35354,0.14812,0.03800
46.3,0,-1.84712,-2.49266,-0.00118,0.49719,0.00005,0.00000,
46.3,1,-2.92708,-2.42344,-0.16059,0.40636,0.06439,0.08217,0.04972
46.3,2,-3.95289,-1.91576,-0.64649,0.58097,0.32779,0.14455,0.04593
46.32,0,-1.83718,-2.49268,-0.00118,0.49715,0.00005,0.00000,
46.32,1,-2.91606,-2.42496,-0.15605,0.60348,0.40669,0.08101,0.00994
46.32,2,-3.94392,-1.92254,-0.63933,0.55347,0.37001,0.14407,0.05705
46.34,0,-1.82724,-2.49269,-0.00118,0.49714,0.00005,0.00000,
46.34,1,-2.90568,-2.42657,-0.14752,0.51566,0.35688,0.08047,0.01989
46.34,2,-3.93500,-1.92920,-0.63127,0.53791,0.59125,0.14318,0.01678
46.36,0,-1.81730,-2.49270,-0.00118,0.49715,0.00004,0.00000,
46.36,1,-2.89549,-2.42832,-0.14267,0.47750,0.10329,0.08012,0.02983
46.36,2,-3.92713,-1.93529,-0.62095,0.49623,0.50387,0.14340,0.02712
46.38,0,-1.80735,-2.49271,-0.00118,0.49715,0.00004,0.00000,
46.38,1,-2.88761,-2.42973,-0.14166,0.40849,0.13422,0.08210,0.03977
46.38,2,-3.91976,-1.94075,-0.61346,0.43601,0.19242,0.14212,0.03512
46.4,0,-1.79741,-2.49272,-0.00118,0.49715,0.00004,0.00000,
46.4,1,-2.87921,-2.43093,-0.13775,0.43120,0.21424,0.08357,0.04971
46.4,2,-3.91233,-1.94627,-0.61055,0.46534,0.24501,0.14115,0.04361
46.42,0,-1.78747,-2.49273,-0.00117,0.49715,0.00004,0.00000,
46.42,1,-2.87107,-2.43209,-0.13317,0.44720,0.16970,0.08530,0.05966
46.42,2,-3.90432,-1.95191,-0.60254,0.50827,0.42408,0.13938,0.00428
46.44,0,-1.77752,-2.49275,-0.00117,0.49715,0.00004,0.00000,
46.44,1,-2.85897,-2.43341,-0.12846,0.65553,0.39615,0.08308,0.01989
46.44,2,-3.89484,-1.95820,-0.60535,0.64041,-0.32471,0.13966,0.01644
46.46,0,-1.76758,-2.49276,-0.00117,0.49715,0.00004,0.00000,
46.46,1,-2.84617,-2.43479,-0.12025,0.60803,0.45460,0.08015,0.02983
46.46,2,-3.88396,-1.96563,-0.61834,0.65106,-0.78318,0.13891,0.02931
46.48,0,-1.75764,-2.49277,-0.00117,0.49715,0.00003,0.00000,
46.48,1,-2.83439,-2.43638,-0.11198,0.56914,0.30156,0.07823,0.03977
46.48,2,-3.87407,-1.97255,-0.62961,0.56277,-0.18518,0.13845,0.04120
46.5,0,-1.74799,-2.49278,-0.00117,0.46164,-0.00025,0.00000,
46.5,1,-2.82582,-2.43765,-0.11002,0.36841,0.03931,0.07924,0.04942
46.5,2,-3.86622,-1.97844,-0.62578,0.39096,0.18162,0.13724,0.04986
46.52,0,-1.73863,-2.49279,-0.00117,0.47267,0.00012,0.00000,
46.52,1,-2.81807,-2.43862,-0.10808,0.40725,0.13385,0.08080,0.00936
46.52,2,-3.86081,-1.98322,-0.62335,0.35761,0.11782,0.13785,0.05767
46.54,0,-1.72912,-2.49280,-0.00117,0.47613,0.00010,0.00000,
46.54,1,-2.80880,-2.43970,-0.10433,0.45409,0.17486,0.08098,0.01886
46.54,2,-3.85466,-1.98784,-0.61874,0.48808,0.41336,0.13930,0.01334
46.56,0,-1.71985,-2.49281,-0.00117,0.46910,0.00013,0.00000,
46.56,1,-2.79975,-2.44068,-0.10114,0.45713,0.13128,0.08115,0.02814
46.56,2,-3.84539,-1.99419,-0.60855,0.53597,0.50089,0.13698,0.02245
46.58,0,-1.70991,-2.49283,-0.00117,0.51234,-0.00009,0.00000,
46.58,1,-2.79063,-2.44162,-0.09910,0.45738,0.08952,0.08194,0.03808
46.58,2,-3.83662,-2.00035,-0.59853,0.53422,0.51237,0.13526,0.03161
46.6,0,-1.69964,-2.49284,-0.00117,0.50900,0.00001,0.00000,
46.6,1,-2.78221,-2.44252,-0.09768,0.38703,0.06089,0.08374,0.04834
46.6,2,-3.82829,-2.00631,-0.58853,0.48440,0.42984,0.13338,0.04008
46.62,0,-1.68963,-2.49285,-0.00117,0.49539,0.00006,0.00000,
46.62,1,-2.77433,-2.44335,-0.09516,0.35946,0.12807,0.08583,0.01002
46.62,2,-3.82106,-2.01129,-0.58221,0.41923,0.41750,0.13240,0.00384
46.64,0,-1.67977,-2.49286,-0.00117,0.49258,0.00003,0.00000,
46.64,1,-2.76691,-2.44410,-0.09232,0.40169,0.14494,0.08824,0.01988
46.64,2,-3.81453,-2.01592,-0.56907,0.40825,0.74264,0.13174,0.01129
46.66,0,-1.66988,-2.49287,-0.00117,0.49578,0.00002,0.00000,
46.66,1,-2.75800,-2.44494,-0.09005,0.47518,0.08984,0.08918,0.02976
46.66,2,-3.80741,-2.02025,-0.55338,0.41648,0.68484,0.13208,0.02024
46.68,0,-1.65994,-2.49288,-0.00117,0.49749,0.00002,0.00000,
46.68,1,-2.74884,-2.44583,-0.08786,0.49933,0.08828,0.08992,0.03970
46.68,2,-3.79973,-2.02504,-0.54377,0.51665,0.27357,0.13201,0.02945
46.7,0,-1.65000,-2.49290,-0.00117,0.49703,0.00003,0.00000,
46.7,1,-2.73846,-2.44676,-0.08634,0.52150,0.07493,0.08945,0.04965
46.7,2,-3.79033,-2.03082,-0.53982,0.55622,0.20978,0.13112,0.03987
46.72,0,-1.64006,-2.49291,-0.00117,0.49640,0.00002,0.00000,
46.72,1,-2.72716,-2.44767,-0.08441,0.67817,0.12941,0.08804,0.00993
46.72,2,-3.78128,-2.03630,-0.53411,0.50454,0.33660,0.13154,0.05120
46.74,0,-1.63014,-2.49292,-0.00117,0.49636,0.00002,0.00000,
46.74,1,-2.71402,-2.44876,-0.08155,0.60048,0.14775,0.08478,0.01986
46.74,2,-3.77236,-2.04150,-0.53404,0.54879,-1.26655,0.13400,0.01942
46.76,0,-1.62021,-2.49293,-0.00117,0.49654,0.00002,0.00000,
46.76,1,-2.70278,-2.44972,-0.07959,0.53312,0.06994,0.08343,0.02979
46.76,2,-3.76283,-2.04693,-0.55928,0.54526,-1.22554,0.13399,0.03070
46.78,0,-1.61028,-2.49294,-0.00117,0.49660,0.00002,0.00000,
46.78,1,-2.69441,-2.45056,-0.07978,0.37093,-0.05365,0.08496,0.03972
46.78,2,-3.75433,-2.05239,-0.57130,0.47852,0.06267,0.13224,0.03911
46.8,0,-1.60034,-2.49295,-0.00117,0.49656,0.00002,0.00000,
46.8,1,-2.68681,-2.45137,-0.08070,0.40084,-0.00148,0.08726,0.04965
46.8,2,-3.74713,-2.05719,-0.56361,0.44060,0.66824,0.13122,0.04675
46.82,0,-1.59041,-2.49297,-0.00116,0.49653,0.00002,0.00000,
46.82,1,-2.67487,-2.45208,-0.07758,0.62644,0.33526,0.08522,0.00993
46.82,2,-3.73882,-2.06231,-0.54959,0.55522,0.81958,0.13310,0.00667
46.84,0,-1.58048,-2.49298,-0.00116,0.49654,0.00002,0.00000,
46.84,1,-2.66355,-2.45280,-0.07001,0.56150,0.38491,0.08381,0.01986
46.84,2,-3.72947,-2.06764,-0.53315,0.53773,0.82189,0.13338,0.01801
46.86,0,-1.57055,-2.49299,-0.00116,0.49655,0.00002,0.00000,
46.86,1,-2.65241,-2.45384,-0.06310,0.55076,0.26269,0.08257,0.02979
46.86,2,-3.72040,-2.07305,-0.52029,0.56400,0.31522,0.13385,0.02919
46.88,0,-1.56062,-2.49300,-0.00116,0.49655,0.00002,0.00000,
46.88,1,-2.64342,-2.45463,-0.06098,0.38768,0.04507,0.08348,0.03972
46.88,2,-3.70936,-2.07945,-0.51760,0.67939,0.12810,0.13003,0.03821
46.9,0,-1.55069,-2.49301,-0.00116,0.49654,0.00002,0.00000,
46.9,1,-2.63535,-2.45513,-0.06017,0.41747,0.04394,0.08532,0.04965
46.9,2,-3.69757,-2.08613,-0.51240,0.66164,0.36048,0.12449,0.04630
46.92,0,-1.54076,-2.49302,-0.00116,0.49654,0.00002,0.00000,
46.92,1,-2.62657,-2.45559,-0.05879,0.60447,0.09022,0.08646,0.00993
46.92,2,-3.68746,-2.09198,-0.50510,0.53019,0.63646,0.12147,0.00485
46.94,0,-1.53083,-2.49304,-0.00116,0.49654,0.00002,0.00000,
46.94,1,-2.61473,-2.45608,-0.05205,0.57466,0.35314,0.08453,0.01986
46.94,2,-3.67911,-2.09709,-0.49308,0.46631,0.52331,0.12329,0.01671
46.96,0,-1.52090,-2.49305,-0.00116,0.49654,0.00001,0.00000,
46.96,1,-2.60383,-2.45686,-0.04608,0.53990,0.16507,0.08353,0.02979
46.96,2,-3.67204,-2.10160,-0.48593,0.39509,0.31982,0.12574,0.02764
46.98,0,-1.51097,-2.49306,-0.00116,0.49654,0.00001,0.00000,
46.98,1,-2.59394,-2.45739,-0.04592,0.41000,-0.06854,0.08356,0.03972
46.98,2,-3.66527,-2.10526,-0.47940,0.37784,0.32532,0.12773,0.03754
47.0,0,-1.50104,-2.49307,-0.00116,0.49654,0.00001,0.00000,
47.0,1,-2.58550,-2.45778,-0.04634,0.43419,0.01966,0.08504,0.04965
47.0,2,-3.65884,-2.10862,-0.47206,0.36339,0.38979,0.12870,0.04599
47.02,0,-1.49110,-2.49308,-0.00116,0.49654,0.00001,0.00000,
47.02,1,-2.57381,-2.45820,-0.04232,0.58943,0.37536,0.08327,0.00993
47.02,2,-3.65167,-2.11228,-0.46612,0.42293,0.25250,0.13201,0.05768
47.04,0,-1.48117,-2.49309,-0.00116,0.49654,0.00001,0.00000,
47.04,1,-2.56342,-2.45871,-0.03551,0.51183,0.26619,0.08279,0.01986
47.04,2,-3.64260,-2.11672,-0.45918,0.56431,0.49189,0.13208,0.01660
47.06,0,-1.47124,-2.49310,-0.00116,0.49654,0.00001,0.00000,
47.06,1,-2.55360,-2.45909,-0.03390,0.40398,-0.05705,0.08289,0.02979
47.06,2,-3.63329,-2.12144,-0.44757,0.51278,0.60239,0.13126,0.02643
47.08,0,-1.46131,-2.49312,-0.00116,0.49654,0.00001,0.00000,
47.08,1,-2.54515,-2.45939,-0.03508,0.43931,-0.03592,0.08436,0.03972
47.08,2,-3.62365,-2.12601,-0.43596,0.58568,0.40585,0.12885,0.03488
47.1,0,-1.45138,-2.49313,-0.00116,0.49654,0.00001,0.00000,
47.1,1,-2.53619,-2.45969,-0.03511,0.44949,0.01823,0.08532,0.04965
47.1,2,-3.61208,-2.13143,-0.43133,0.66071,0.16294,0.12486,0.04385
47.12,0,-1.44194,-2.49314,-0.00116,0.46453,-0.00013,0.00000,
47.12,1,-2.52737,-2.45999,-0.03474,0.43305,0.01297,0.08593,0.05909
47.12,2,-3.60035,-2.13686,-0.42739,0.62654,0.24072,0.12058,0.05267
47.14,0,-1.43253,-2.49315,-0.00116,0.47419,0.00013,0.00000,
47.14,1,-2.51677,-2.46027,-0.03410,0.60149,0.05776,0.08473,0.01885
47.14,2,-3.58956,-2.14181,-0.42169,0.57740,0.39042,0.11906,0.01498
47.16,0,-1.42303,-2.49316,-0.00116,0.47509,0.00005,0.00000,
47.16,1,-2.50474,-2.46055,-0.03294,0.60149,0.05768,0.08220,0.02835
47.16,2,-3.57886,-2.14653,-0.43286,0.58870,-0.60530,0.11908,0.02701
47.18,0,-1.41369,-2.49317,-0.00116,0.49235,-0.00004,0.00000,
47.18,1,-2.49339,-2.46079,-0.03247,0.54790,-0.01340,0.08019,0.03769
47.18,2,-3.56981,-2.15048,-0.45499,0.37126,-1.06689,0.12025,0.03835
47.2,0,-1.40351,-2.49318,-0.00116,0.51446,-0.00009,0.00000,
47.2,1,-2.48478,-2.46111,-0.03356,0.37095,-0.05416,0.08175,0.04787
47.2,2,-3.56418,-2.15354,-0.46477,0.28776,-0.15035,0.12236,0.04697
47.22,0,-1.39334,-2.49320,-0.00116,0.50228,0.00002,0.00000,
47.22,1,-2.47686,-2.46147,-0.03482,0.47993,-0.08061,0.08399,0.01018
47.22,2,-3.55872,-2.15655,-0.46119,0.35069,0.41166,0.12401,0.05490
47.24,0,-1.38342,-2.49321,-0.00116,0.49240,0.00003,0.00000,
47.24,1,-2.47022,-2.46183,-0.03839,0.32290,-0.23303,0.08725,0.02009
47.24,2,-3.55188,-2.15992,-0.45041,0.39685,0.66949,0.12300,0.01076
47.26,0,-1.37357,-2.49322,-0.00116,0.49322,0.00001,0.00000,
47.26,1,-2.46328,-2.46222,-0.04203,0.42248,-0.07732,0.09015,0.02994
47.26,2,-3.54364,-2.16382,-0.43877,0.47971,0.44135,0.12081,0.01770
47.28,0,-1.36367,-2.49323,-0.00116,0.49634,0.00001,0.00000,
47.28,1,-2.45357,-2.46264,-0.04137,0.51651,0.08153,0.09033,0.03984
47.28,2,-3.53528,-2.16772,-0.43187,0.44998,0.27128,0.12118,0.02742
47.3,0,-1.35373,-2.49324,-0.00116,0.49696,0.00001,0.00000,
47.3,1,-2.44285,-2.46308,-0.04013,0.53269,0.03846,0.08953,0.04978
47.3,2,-3.52738,-2.17136,-0.42650,0.42308,0.28880,0.12308,0.03815
47.32,0,-1.34380,-2.49325,-0.00116,0.49622,0.00001,0.00000,
47.32,1,-2.43083,-2.46354,-0.03946,0.65583,0.04615,0.08743,0.00993
47.32,2,-3.51980,-2.17480,-0.42016,0.41379,0.33092,0.12660,0.00657
47.34,0,-1.33388,-2.49326,-0.00116,0.49584,0.00001,0.00000,
47.34,1,-2.41830,-2.46405,-0.03865,0.61251,0.02303,0.08481,0.01985
47.34,2,-3.51081,-2.17887,-0.40887,0.47686,0.63684,0.12911,0.01911
47.36,0,-1.32397,-2.49328,-0.00116,0.49595,0.00001,0.00000,
47.36,1,-2.40745,-2.46450,-0.03851,0.41975,-0.02652,0.08386,0.02977
47.36,2,-3.50198,-2.18267,-0.39556,0.48855,0.72676,0.13023,0.02997
47.38,0,-1.31405,-2.49329,-0.00116,0.49609,0.00001,0.00000,
47.38,1,-2.39967,-2.46494,-0.03922,0.39131,-0.03848,0.08599,0.03969
47.38,2,-3.49251,-2.18644,-0.38365,0.52158,0.49287,0.12777,0.03776
47.4,0,-1.30412,-2.49330,-0.00116,0.49610,0.00001,0.00000,
47.4,1,-2.39148,-2.46534,-0.03949,0.42658,0.01375,0.08772,0.04961
47.4,2,-3.48151,-2.19096,-0.37883,0.63169,0.13052,0.12403,0.04596
47.42,0,-1.29420,-2.49331,-0.00116,0.49606,0.00001,0.00000,
47.42,1,-2.37958,-2.46569,-0.03813,0.61444,0.10884,0.08573,0.00992
47.42,2,-3.46992,-2.19563,-0.37552,0.60645,0.22113,0.12329,0.05786
47.44,0,-1.28428,-2.49332,-0.00116,0.49604,0.00001,0.00000,
47.44,1,-2.36730,-2.46605,-0.03595,0.61445,0.10885,0.08336,0.01984
47.44,2,-3.45935,-2.20003,-0.36722,0.51899,0.49755,0.12399,0.01870
47.46,0,-1.27436,-2.49333,-0.00116,0.49605,0.00001,0.00000,
47.46,1,-2.35612,-2.46641,-0.03368,0.54390,0.08005,0.08209,0.02976
47.46,2,-3.44975,-2.20411,-0.35719,0.53194,0.49608,0.12465,0.02989
47.48,0,-1.26444,-2.49334,-0.00116,0.49606,0.00001,0.00000,
47.48,1,-2.34728,-2.46676,-0.03361,0.36337,-0.03241,0.08317,0.03968
47.48,2,-3.44053,-2.20793,-0.35284,0.54378,0.23425,0.12347,0.03873
47.5,0,-1.25452,-2.49336,-0.00116,0.49606,0.00001,0.00000,
47.5,1,-2.33955,-2.46709,-0.03502,0.40242,-0.10886,0.08535,0.04961
47.5,2,-3.43051,-2.21199,-0.34640,0.54772,0.20725,0.12039,0.04647
47.52,0,-1.24460,-2.49337,-0.00116,0.49606,0.00001,0.00000,
47.52,1,-2.33144,-2.46738,-0.03601,0.37852,0.01843,0.08715,0.00992
47.52,2,-3.41994,-2.21579,-0.34057,0.57790,0.32248,0.11721,0.05459
47.54,0,-1.23468,-2.49338,-0.00116,0.49606,0.00001,0.00000,
47.54,1,-2.32074,-2.46764,-0.03475,0.55380,0.06613,0.08637,0.01984
47.54,2,-3.40921,-2.21959,-0.33191,0.61653,0.48438,0.11637,0.01471
47.56,0,-1.22476,-2.49339,-0.00116,0.49606,0.00001,0.00000,
47.56,1,-2.31031,-2.46792,-0.03342,0.51514,0.04880,0.08585,0.02976
47.56,2,-3.39786,-2.22358,-0.32451,0.56138,0.26893,0.11467,0.02514
47.58,0,-1.21483,-2.49340,-0.00116,0.49606,0.00001,0.00000,
47.58,1,-2.30009,-2.46827,-0.03322,0.42440,-0.02986,0.08555,0.03968
47.58,2,-3.38899,-2.22674,-0.32245,0.35702,-0.12980,0.11537,0.03537
47.6,0,-1.20491,-2.49341,-0.00116,0.49606,0.00001,0.00000,
47.6,1,-2.29144,-2.46860,-0.03330,0.44001,0.01801,0.08681,0.04961
47.6,2,-3.38214,-2.22932,-0.32232,0.37337,0.06172,0.11664,0.04402
47.62,0,-1.19499,-2.49343,-0.00116,0.49606,0.00001,0.00000,
47.62,1,-2.28259,-2.46891,-0.03271,0.44221,0.03138,0.08787,0.05953
47.62,2,-3.37462,-2.23187,-0.31900,0.40372,0.31527,0.11747,0.00443
47.64,0,-1.18507,-2.49344,-0.00116,0.49606,0.00001,0.00000,
47.64,1,-2.27087,-2.46921,-0.03155,0.62869,0.13426,0.08607,0.01984
47.64,2,-3.36801,-2.23440,-0.32653,0.34494,-0.39501,0.12199,0.01616
47.66,0,-1.17515,-2.49345,-0.00116,0.49606,0.00000,0.00000,
47.66,1,-2.25913,-2.46952,-0.02862,0.58513,0.14779,0.08424,0.02976
47.66,2,-3.36126,-2.23678,-0.33171,0.38437,-0.00766,0.12644,0.02790
47.68,0,-1.16523,-2.49346,-0.00116,0.49606,0.00000,0.00000,
47.68,1,-2.24773,-2.46994,-0.02583,0.54395,0.09252,0.08276,0.03968
47.68,2,-3.35349,-2.23947,-0.32525,0.47360,0.37689,0.12952,0.03930
47.7,0,-1.15531,-2.49347,-0.00116,0.49606,0.00000,0.00000,
47.7,1,-2.23897,-2.47022,-0.02546,0.37620,-0.00867,0.08392,0.04961
47.7,2,-3.34389,-2.24276,-0.31928,0.51154,0.23664,0.12809,0.04807
47.72,0,-1.14539,-2.49348,-0.00116,0.49606,0.00000,0.00000,
47.72,1,-2.23104,-2.47042,-0.02551,0.41287,0.00394,0.08590,0.05953
47.72,2,-3.33470,-2.24583,-0.31511,0.45961,0.20251,0.12628,0.05600
47.74,0,-1.13546,-2.49349,-0.00116,0.49606,0.00000,0.00000,
47.74,1,-2.22105,-2.47063,-0.02497,0.53317,0.04864,0.08582,0.01984
47.74,2,-3.32552,-2.24884,-0.30887,0.49554,0.35339,0.12653,0.01406
47.76,0,-1.12554,-2.49351,-0.00116,0.49606,0.00000,0.00000,
47.76,1,-2.21038,-2.47083,-0.02400,0.53317,0.04869,0.08508,0.02976
47.76,2,-3.31641,-2.25175,-0.30296,0.45960,0.23929,0.12751,0.02473
47.78,0,-1.11562,-2.49352,-0.00116,0.49606,0.00000,0.00000,
47.78,1,-2.20013,-2.47109,-0.02299,0.48717,0.04147,0.08474,0.03968
47.78,2,-3.30800,-2.25439,-0.29895,0.43021,0.18583,0.12886,0.03498
47.8,0,-1.10570,-2.49353,-0.00116,0.49606,0.00000,0.00000,
47.8,1,-2.19144,-2.47132,-0.02293,0.39720,-0.01351,0.08597,0.04961
47.8,2,-3.29982,-2.25691,-0.29510,0.42826,0.20055,0.12892,0.04367
47.82,0,-1.09578,-2.49354,-0.00116,0.49606,0.00000,0.00000,
47.82,1,-2.18082,-2.47150,-0.02119,0.61423,0.21695,0.08527,0.00992
47.82,2,-3.29215,-2.25934,-0.29227,0.46160,0.14663,0.13139,0.00611
47.84,0,-1.08586,-2.49355,-0.00116,0.49606,0.00000,0.00000,
47.84,1,-2.17050,-2.47170,-0.01658,0.49950,0.20404,0.08486,0.01984
47.84,2,-3.28108,-2.26214,-0.28796,0.53175,0.32051,0.13018,0.01643
47.86,0,-1.07594,-2.49356,-0.00116,0.49606,0.00000,0.00000,
47.86,1,-2.16034,-2.47225,-0.01468,0.51327,0.01481,0.08461,0.02976
47.86,2,-3.27198,-2.26491,-0.27816,0.47038,0.54065,0.13082,0.02660
47.88,0,-1.06602,-2.49357,-0.00116,0.49606,0.00000,0.00000,
47.88,1,-2.15104,-2.47246,-0.01549,0.40124,-0.05480,0.08522,0.03968
47.88,2,-3.26230,-2.26759,-0.26946,0.50598,0.19020,0.12999,0.03591
47.9,0,-1.05676,-2.49359,-0.00116,0.46769,-0.00001,0.00000,
47.9,1,-2.14272,-2.47252,-0.01614,0.42741,-0.01272,0.08616,0.04894
47.9,2,-3.25246,-2.27053,-0.26782,0.53694,0.10883,0.12798,0.04422
47.92,0,-1.04732,-2.49360,-0.00116,0.47488,0.00011,0.00000,
47.92,1,-2.13336,-2.47259,-0.01600,0.51299,0.02428,0.08625,0.00945
47.92,2,-3.24263,-2.27337,-0.26370,0.43302,0.35376,0.12701,0.00497
47.94,0,-1.03798,-2.49361,-0.00116,0.44793,0.00028,0.00000,
47.94,1,-2.12295,-2.47276,-0.01363,0.51698,0.13301,0.08518,0.01879
47.94,2,-3.23445,-2.27567,-0.25760,0.44588,0.22935,0.12883,0.01538
47.96,0,-1.02833,-2.49362,-0.00116,0.50446,-0.00011,0.00000,
47.96,1,-2.11304,-2.47296,-0.01216,0.47583,0.00815,0.08490,0.02843
47.96,2,-3.22503,-2.27817,-0.25446,0.51273,0.12420,0.12893,0.02530
47.98,0,-1.01809,-2.49363,-0.00116,0.51220,-0.00006,0.00000,
47.98,1,-2.10386,-2.47305,-0.01288,0.45018,-0.05121,0.08597,0.03868
47.98,2,-3.21503,-2.28077,-0.25182,0.51121,0.14569,0.12768,0.03448
48.0,0,-1.00800,-2.49364,-0.00116,0.49778,0.00003,0.00000,
48.0,1,-2.09528,-2.47314,-0.01368,0.35595,-0.03763,0.08747,0.04876
48.0,2,-3.20544,-2.28323,-0.24865,0.48276,0.16408,0.12629,0.04306
48.02,0,-0.99813,-2.49365,-0.00116,0.49149,0.00002,0.00000,
48.02,1,-2.08754,-2.47324,-0.01407,0.39628,-0.00999,0.08959,0.00987
48.02,2,-3.19633,-2.28555,-0.24539,0.42490,0.18788,0.12457,0.00408
48.04,0,-0.98828,-2.49367,-0.00116,0.49397,-0.00000,0.00000,
48.04,1,-2.07971,-2.47334,-0.01423,0.37008,-0.00387,0.09161,0.01972
48.04,2,-3.19126,-2.28724,-0.24166,0.17091,0.06273,0.12702,0.01191
48.06,0,-0.97837,-2.49368,-0.00116,0.49650,0.00000,0.00000,
48.06,1,-2.07085,-2.47347,-0.01439,0.50345,-0.01088,0.09266,0.02963
48.06,2,-3.18874,-2.28873,-0.24158,0.14225,-0.05709,0.13305,0.02077
48.08,0,-0.96844,-2.49369,-0.00116,0.49647,0.00001,0.00000,
48.08,1,-2.06056,-2.47363,-0.01460,0.51751,-0.01061,0.09231,0.03956
48.08,2,-3.18543,-2.29008,-0.24642,0.25175,-0.14830,0.13974,0.03106
48.1,0,-0.95852,-2.49370,-0.00116,0.49572,0.00000,0.00000,
48.1,1,-2.05050,-2.47377,-0.01480,0.48666,-0.00969,0.09217,0.04948
48.1,2,-3.17992,-2.29157,-0.24252,0.30254,0.48095,0.14402,0.04112
48.12,0,-0.94861,-2.49371,-0.00116,0.49553,0.00000,0.00000,
48.12,1,-2.03901,-2.47391,-0.01485,0.71308,0.00723,0.09059,0.00991
48.12,2,-3.17421,-2.29305,-0.23254,0.29480,0.50011,0.14951,0.00660
48.14,0,-0.93870,-2.49372,-0.00116,0.49569,0.00000,0.00000,
48.14,1,-2.02549,-2.47407,-0.01456,0.66746,0.01573,0.08698,0.01982
48.14,2,-3.16790,-2.29464,-0.20252,0.37671,0.66243,0.15641,0.02012
48.16,0,-0.92878,-2.49373,-0.00116,0.49579,0.00000,0.00000,
48.16,1,-2.01329,-2.47423,-0.01443,0.58362,-0.00643,0.08468,0.02974
48.16,2,-3.15981,-2.29617,-0.19660,0.42004,0.25762,0.16026,0.03232
48.18,0,-0.91886,-2.49375,-0.00116,0.49577,0.00000,0.00000,
48.18,1,-2.00441,-2.47439,-0.01494,0.37264,-0.03267,0.08572,0.03965
48.18,2,-3.15086,-2.29793,-0.19315,0.47603,0.15003,0.15995,0.04121
48.2,0,-0.90895,-2.49376,-0.00116,0.49574,0.00000,0.00000,
48.2,1,-1.99690,-2.47457,-0.01566,0.38427,-0.03981,0.08812,0.04957
48.2,2,-3.13989,-2.30009,-0.19180,0.60226,0.03117,0.15623,0.04871
48.22,0,-0.89903,-2.49377,-0.00116,0.49573,0.00000,0.00000,
48.22,1,-1.98877,-2.47471,-0.01611,0.42180,-0.00748,0.08990,0.05948
48.22,2,-3.12907,-2.30233,-0.19039,0.40031,0.13169,0.15325,0.00416
48.24,0,-0.88912,-2.49378,-0.00116,0.49574,0.00000,0.00000,
48.24,1,-1.97787,-2.47484,-0.01576,0.58998,0.02361,0.08892,0.01983
48.24,2,-3.12242,-2.30435,-0.18762,0.28143,0.06721,0.15717,0.01506
48.26,0,-0.87920,-2.49379,-0.00116,0.49575,0.00000,0.00000,
48.26,1,-1.96676,-2.47497,-0.01518,0.52321,0.03367,0.08771,0.02974
48.26,2,-3.11925,-2.30611,-0.19021,0.12348,-0.17637,0.16480,0.02618
48.28,0,-0.86929,-2.49380,-0.00116,0.49574,0.00000,0.00000,
48.28,1,-1.95633,-2.47511,-0.01464,0.51651,0.01330,0.08720,0.03966
48.28,2,-3.11614,-2.30757,-0.19802,0.23390,-0.42580,0.17185,0.03661
48.3,0,-0.85938,-2.49381,-0.00116,0.49574,0.00000,0.00000,
48.3,1,-1.94722,-2.47526,-0.01485,0.36672,-0.02654,0.08800,0.04957
48.3,2,-3.11064,-2.30884,-0.19792,0.33461,0.47688,0.17526,0.04571
48.32,0,-0.84946,-2.49383,-0.00116,0.49574,0.00000,0.00000,
48.32,1,-1.93713,-2.47540,-0.01509,0.60134,-0.00536,0.08782,0.00991
48.32,2,-3.10399,-2.31020,-0.18961,0.35490,0.23782,0.17850,0.05581
48.34,0,-0.83955,-2.49384,-0.00116,0.49574,0.00000,0.00000,
48.34,1,-1.92706,-2.47554,-0.01491,0.48442,0.01189,0.08766,0.01983
48.34,2,-3.09533,-2.31215,-0.18407,0.55038,0.80736,0.17965,0.01600
48.36,0,-0.82963,-2.49385,-0.00116,0.49574,0.00000,0.00000,
48.36,1,-1.91736,-2.47572,-0.01473,0.48649,0.00189,0.08788,0.02974
48.36,2,-3.08398,-2.31419,-0.16287,0.56363,0.97018,0.17775,0.02570
48.38,0,-0.81972,-2.49386,-0.00116,0.49574,0.00000,0.00000,
48.38,1,-1.90756,-2.47587,-0.01487,0.49117,-0.01364,0.08800,0.03966
48.38,2,-3.07253,-2.31616,-0.15539,0.60570,-0.05884,0.17586,0.03550
48.4,0,-0.80980,-2.49387,-0.00116,0.49574,0.00000,0.00000,
48.4,1,-1.89901,-2.47598,-0.01522,0.43335,-0.01046,0.08935,0.04957
48.4,2,-3.06052,-2.31810,-0.15913,0.60074,-0.16489,0.17220,0.04406
48.42,0,-0.79989,-2.49388,-0.00116,0.49574,0.00000,0.00000,
48.42,1,-1.89020,-2.47610,-0.01532,0.44244,-0.00211,0.09046,0.05949
48.42,2,-3.04933,-2.31996,-0.16037,0.53269,-0.00638,0.16960,0.05286
48.44,0,-0.78997,-2.49389,-0.00116,0.49574,0.00000,0.00000,
48.44,1,-1.87888,-2.47621,-0.01435,0.59314,0.14759,0.08906,0.01983
48.44,2,-3.03958,-2.32163,-0.15905,0.45028,0.14517,0.17095,0.01574
48.46,0,-0.78006,-2.49391,-0.00116,0.49574,0.00000,0.00000,
48.46,1,-1.86702,-2.47633,-0.01140,0.59315,0.14824,0.08711,0.02974
48.46,2,-3.03059,-2.32312,-0.15612,0.47327,0.10938,0.17362,0.02760
48.48,0,-0.77014,-2.49392,-0.00116,0.49574,0.00000,0.00000,
48.48,1,-1.85570,-2.47671,-0.00760,0.53652,0.15862,0.08570,0.03966
48.48,2,-3.02079,-2.32468,-0.15504,0.50857,0.02395,0.17496,0.03892
48.5,0,-0.76023,-2.49393,-0.00116,0.49574,0.00000,0.00000,
48.5,1,-1.84657,-2.47684,-0.00646,0.38020,0.00904,0.08647,0.04957
48.5,2,-3.01079,-2.32625,-0.15457,0.49888,0.03099,0.17393,0.04806
48.52,0,-0.75031,-2.49394,-0.00116,0.49574,0.00000,0.00000,
48.52,1,-1.83613,-2.47691,0.00017,0.55387,0.49124,0.08595,0.00991
48.52,2,-3.00100,-2.32775,-0.15372,0.56347,0.05272,0.17439,0.00555
48.54,0,-0.74040,-2.49395,-0.00116,0.49574,0.00000,0.00000,
48.54,1,-1.82647,-2.47706,0.00628,0.46617,0.05609,0.08621,0.01983
48.54,2,-2.98810,-2.32937,-0.14790,0.65255,0.34796,0.17098,0.01520
48.56,0,-0.73048,-2.49396,-0.00116,0.49574,0.00000,0.00000,
48.56,1,-1.81700,-2.47705,0.00715,0.48727,0.00547,0.08665,0.02974
48.56,2,-2.97582,-2.33106,-0.14038,0.59407,0.33565,0.16798,0.02468
48.58,0,-0.72057,-2.49397,-0.00115,0.49574,0.00000,0.00000,
48.58,1,-1.80872,-2.47694,0.00657,0.43016,-0.05561,0.08829,0.03966
48.58,2,-2.96364,-2.33291,-0.13858,0.59079,-0.11036,0.16386,0.03296
48.6,0,-0.71065,-2.49399,-0.00115,0.49574,0.00000,0.00000,
48.6,1,-1.79978,-2.47683,0.00526,0.45163,-0.06350,0.08926,0.04957
48.6,2,-2.95241,-2.33460,-0.14087,0.58111,-0.03431,0.16137,0.04190
48.62,0,-0.70074,-2.49400,-0.00115,0.49574,0.00000,0.00000,
48.62,1,-1.79130,-2.47676,0.00418,0.41430,-0.04649,0.09070,0.05949
48.62,2,-2.94118,-2.33624,-0.14156,0.50304,-0.67984,0.15844,0.00405
48.64,0,-0.69082,-2.49401,-0.00115,0.49574,0.00000,0.00000,
48.64,1,-1.77919,-2.47671,0.00341,0.70310,-0.03646,0.08850,0.01983
48.64,2,-2.93353,-2.33784,-0.15256,0.35086,-0.57233,0.16267,0.01616
48.66,0,-0.68091,-2.49402,-0.00115,0.49574,0.00000,0.00000,
48.66,1,-1.76660,-2.47665,0.00264,0.62207,-0.03854,0.08583,0.02974
48.66,2,-2.92892,-2.33926,-0.16609,0.21035,-0.70107,0.17041,0.02874
48.68,0,-0.67099,-2.49403,-0.00115,0.49574,0.00000,0.00000,
48.68,1,-1.75479,-2.47667,0.00251,0.55027,-0.00452,0.08394,0.03966
48.68,2,-2.92386,-2.34044,-0.17360,0.32961,-0.01035,0.17698,0.04055
48.7,0,-0.66108,-2.49404,-0.00115,0.49574,0.00000,0.00000,
48.7,1,-1.74621,-2.47665,0.00210,0.34848,-0.03116,0.08527,0.04957
48.7,2,-2.91702,-2.34171,-0.16968,0.37589,-0.04190,0.17855,0.04913
48.72,0,-0.65116,-2.49405,-0.00115,0.49574,0.00000,0.00000,
48.72,1,-1.73885,-2.47659,0.00218,0.39560,-0.00435,0.08783,0.00991
48.72,2,-2.90947,-2.34290,-0.16923,0.39619,0.16895,0.17823,0.05649
48.74,0,-0.64125,-2.49407,-0.00115,0.49574,0.00000,0.00000,
48.74,1,-1.73062,-2.47658,0.00155,0.39852,-0.04775,0.08951,0.01983
48.74,2,-2.90105,-2.34404,-0.16310,0.44162,0.33572,0.17791,0.01203
48.76,0,-0.63133,-2.49408,-0.00115,0.49574,0.00000,0.00000,
48.76,1,-1.72101,-2.47657,0.00060,0.52544,-0.04213,0.08982,0.02974
48.76,2,-2.89207,-2.34552,-0.15843,0.46302,0.13731,0.17837,0.02164
48.78,0,-0.62142,-2.49409,-0.00115,0.49574,0.00000,0.00000,
48.78,1,-1.71049,-2.47657,-0.00011,0.51153,-0.03191,0.08921,0.03966
48.78,2,-2.88296,-2.34703,-0.15695,0.45680,0.05161,0.17961,0.03216
48.8,0,-0.61150,-2.49410,-0.00115,0.49574,0.00000,0.00000,
48.8,1,-1.70082,-2.47657,-0.00075,0.46404,-0.03263,0.08946,0.04957
48.8,2,-2.87411,-2.34847,-0.15561,0.44203,0.08411,0.18026,0.04183
48.82,0,-0.60159,-2.49411,-0.00115,0.49574,0.00000,0.00000,
48.82,1,-1.68957,-2.47657,-0.00135,0.71249,-0.02694,0.08812,0.00991
48.82,2,-2.86530,-2.34984,-0.15369,0.51866,0.10282,0.18255,0.00655
48.84,0,-0.59167,-2.49412,-0.00115,0.49574,0.00000,0.00000,
48.84,1,-1.67626,-2.47658,-0.00187,0.64070,-0.02576,0.08473,0.01983
48.84,2,-2.85353,-2.35127,-0.17333,0.58735,-1.20084,0.18392,0.01985
48.86,0,-0.58212,-2.49413,-0.00116,0.46154,-0.00023,0.00000,
48.86,1,-1.66392,-2.47660,-0.00237,0.57759,-0.02433,0.08194,0.02938
48.86,2,-2.84331,-2.35280,-0.19460,0.49207,-0.96039,0.18587,0.03220
48.88,0,-0.57276,-2.49415,-0.00116,0.47222,0.00010,0.00000,
48.88,1,-1.65460,-2.47663,-0.00292,0.37837,-0.02889,0.08197,0.03874
48.88,2,-2.83314,-2.35484,-0.20219,0.51877,0.05632,0.18482,0.04152
48.9,0,-0.56328,-2.49416,-0.00116,0.47474,0.00006,0.00000,
48.9,1,-1.64662,-2.47667,-0.00401,0.41371,-0.10255,0.08349,0.04823
48.9,2,-2.82277,-2.35700,-0.19593,0.55968,0.42474,0.18222,0.04949
48.92,0,-0.55399,-2.49417,-0.00115,0.48671,-0.00002,0.00000,
48.92,1,-1.63589,-2.47672,-0.00560,0.55263,-0.04349,0.08204,0.00929
48.92,2,-2.81170,-2.35924,-0.18930,0.54057,0.26632,0.18167,0.06023
48.94,0,-0.54386,-2.49418,-0.00116,0.51396,-0.00011,0.00000,
48.94,1,-1.62572,-2.47681,-0.00553,0.50350,0.00550,0.08200,0.01942
48.94,2,-2.80107,-2.36135,-0.18404,0.51563,0.33996,0.18101,0.01597
48.96,0,-0.53367,-2.49419,-0.00116,0.50316,0.00001,0.00000,
48.96,1,-1.61616,-2.47691,-0.00573,0.38818,-0.02410,0.08263,0.02961
48.96,2,-2.79087,-2.36328,-0.17944,0.54793,0.19238,0.18019,0.02553
48.98,0,-0.52375,-2.49420,-0.00116,0.49216,0.00003,0.00000,
48.98,1,-1.60808,-2.47695,-0.00625,0.41928,-0.02553,0.08447,0.03953
48.98,2,-2.77910,-2.36544,-0.17625,0.62932,0.14519,0.17632,0.03361
49.0,0,-0.51392,-2.49421,-0.00116,0.49226,0.00000,0.00000,
49.0,1,-1.59951,-2.47699,-0.00672,0.43044,-0.02186,0.08573,0.04936
49.0,2,-2.76664,-2.36767,-0.17323,0.62530,0.15959,0.17224,0.04218
49.02,0,-0.50404,-2.49423,-0.00116,0.49551,-0.00000,0.00000,
49.02,1,-1.59142,-2.47703,-0.00706,0.27853,-0.00843,0.08752,0.00988
49.02,2,-2.75488,-2.36975,-0.16991,0.50522,0.16944,0.16840,0.00382
49.04,0,-0.49411,-2.49424,-0.00116,0.49638,0.00000,0.00000,
49.04,1,-1.58585,-2.47708,-0.00723,0.27853,-0.00841,0.09187,0.01981
49.04,2,-2.74527,-2.37174,-0.16449,0.47149,0.25930,0.16419,0.00939
49.06,0,-0.48419,-2.49425,-0.00116,0.49567,0.00000,0.00000,
49.06,1,-1.57933,-2.47713,-0.00745,0.39055,-0.01380,0.09528,0.02973
49.06,2,-2.73846,-2.37373,-0.16312,0.33382,0.03998,0.16373,0.01590
49.08,0,-0.47428,-2.49426,-0.00116,0.49522,0.00000,0.00000,
49.08,1,-1.57022,-2.47720,-0.00779,0.48782,-0.01874,0.09607,0.03963
49.08,2,-2.73248,-2.37545,-0.16468,0.32327,-0.08635,0.16671,0.02502
49.1,0,-0.46438,-2.49427,-0.00116,0.49531,0.00000,0.00000,
49.1,1,-1.56088,-2.47728,-0.00814,0.49006,-0.01829,0.09663,0.04954
49.1,2,-2.72572,-2.37682,-0.16190,0.38355,0.26864,0.16917,0.03436
49.12,0,-0.45447,-2.49428,-0.00116,0.49546,0.00000,0.00000,
49.12,1,-1.54796,-2.47736,-0.00835,0.68084,-0.00247,0.09362,0.00991
49.12,2,-2.71794,-2.37819,-0.15425,0.39581,0.36593,0.17418,0.04728
49.14,0,-0.44456,-2.49429,-0.00116,0.49548,0.00000,0.00000,
49.14,1,-1.53481,-2.47744,-0.00836,0.65735,-0.00057,0.09038,0.01982
49.14,2,-2.70805,-2.37979,-0.14835,0.47988,0.27304,0.17729,0.02034
49.16,0,-0.43465,-2.49431,-0.00116,0.49544,0.00000,0.00000,
49.16,1,-1.52219,-2.47753,-0.00845,0.58587,-0.00951,0.08767,0.02973
49.16,2,-2.69634,-2.38154,-0.14106,0.65892,0.61041,0.17806,0.03295
49.18,0,-0.42474,-2.49432,-0.00116,0.49542,0.00000,0.00000,
49.18,1,-1.51279,-2.47762,-0.00882,0.38221,-0.02303,0.08818,0.03964
49.18,2,-2.68243,-2.38354,-0.13066,0.74703,0.33206,0.17341,0.04235
49.2,0,-0.41484,-2.49433,-0.00115,0.49543,0.00000,0.00000,
49.2,1,-1.50468,-2.47770,-0.00915,0.42663,-0.01257,0.08997,0.04954
49.2,2,-2.66669,-2.38569,-0.12841,0.77385,0.05151,0.16565,0.05047
49.22,0,-0.40493,-2.49434,-0.00115,0.49544,0.00000,0.00000,
49.22,1,-1.49483,-2.47779,-0.00933,0.61013,0.00038,0.09003,0.00991
49.22,2,-2.65045,-2.38784,-0.12766,0.84296,0.05226,0.15911,0.06031
49.24,0,-0.39502,-2.49435,-0.00115,0.49544,0.00000,0.00000,
49.24,1,-1.48367,-2.47787,-0.00923,0.55616,0.00525,0.08878,0.01982
49.24,2,-2.63645,-2.38978,-0.12297,0.56282,0.27574,0.15614,0.01665
49.26,0,-0.38511,-2.49436,-0.00115,0.49543,0.00000,0.00000,
49.26,1,-1.47293,-2.47796,-0.00915,0.51653,-0.00144,0.08795,0.02973
49.26,2,-2.62686,-2.39158,-0.11926,0.48310,0.18126,0.15715,0.02739
49.28,0,-0.37520,-2.49437,-0.00115,0.49543,0.00000,0.00000,
49.28,1,-1.46313,-2.47805,-0.00945,0.38955,-0.02849,0.08805,0.03963
49.28,2,-2.61801,-2.39335,-0.11671,0.37890,0.01852,0.15798,0.03719
49.3,0,-0.36529,-2.49439,-0.00115,0.49543,0.00000,0.00000,
49.3,1,-1.45496,-2.47814,-0.00986,0.42446,-0.01383,0.08979,0.04954
49.3,2,-2.61041,-2.39451,-0.11546,0.36112,0.14032,0.15847,0.04536
49.32,0,-0.35538,-2.49440,-0.00115,0.49543,0.00000,0.00000,
49.32,1,-1.44524,-2.47823,-0.00999,0.60131,0.00452,0.08998,0.00991
49.32,2,-2.60186,-2.39561,-0.11233,0.49579,0.15691,0.15957,0.05508
49.34,0,-0.34547,-2.49441,-0.00115,0.49543,0.00000,0.00000,
49.34,1,-1.43454,-2.47832,-0.00977,0.52967,0.01145,0.08918,0.01982
49.34,2,-2.58998,-2.39677,-0.10643,0.63465,0.55048,0.15831,0.01611
49.36,0,-0.33557,-2.49442,-0.00115,0.49543,0.00000,0.00000,
49.36,1,-1.42397,-2.47841,-0.00957,0.52425,0.00506,0.08852,0.02973
49.36,2,-2.57763,-2.39810,-0.09497,0.58744,0.58651,0.15646,0.02669
49.38,0,-0.32566,-2.49443,-0.00115,0.49543,0.00000,0.00000,
49.38,1,-1.41403,-2.47851,-0.00972,0.42093,-0.01804,0.08849,0.03963
49.38,2,-2.56601,-2.39946,-0.08805,0.57007,0.10045,0.15469,0.03662
49.4,0,-0.31575,-2.49444,-0.00115,0.49543,0.00000,0.00000,
49.4,1,-1.40550,-2.47860,-0.00997,0.43534,-0.00979,0.08986,0.04954
49.4,2,-2.55696,-2.40042,-0.08933,0.40847,-0.06313,0.15412,0.04516
49.42,0,-0.30584,-2.49445,-0.00115,0.49543,0.00000,0.00000,
49.42,1,-1.39650,-2.47869,-0.01015,0.51423,-0.00637,0.09077,0.00991
49.42,2,-2.54849,-2.40118,-0.08838,0.43837,0.10138,0.15460,0.00459
49.44,0,-0.29593,-2.49447,-0.00115,0.49543,0.00000,0.00000,
49.44,1,-1.38385,-2.47878,-0.01006,0.59162,0.01248,0.08803,0.01982
49.44,2,-2.53666,-2.40195,-0.08786,0.53213,0.03469,0.15537,0.01724
49.46,0,-0.28602,-2.49448,-0.00115,0.49543,0.00000,0.00000,
49.46,1,-1.37202,-2.47887,-0.00981,0.59162,0.01248,0.08611,0.02973
49.46,2,-2.52604,-2.40264,-0.08701,0.53278,0.04417,0.15653,0.02907
49.48,0,-0.27611,-2.49449,-0.00115,0.49543,0.00000,0.00000,
49.48,1,-1.36063,-2.47897,-0.00973,0.53779,-0.00578,0.08463,0.03963
49.48,2,-2.51541,-2.40324,-0.08619,0.52946,0.04014,0.15726,0.04046
49.5,0,-0.26621,-2.49450,-0.00115,0.49543,0.00000,0.00000,
49.5,1,-1.35216,-2.47906,-0.01001,0.41670,-0.01131,0.08607,0.04954
49.5,2,-2.50721,-2.40410,-0.08734,0.40436,-0.08919,0.15747,0.04893
49.52,0,-0.25630,-2.49451,-0.00115,0.49543,0.00000,0.00000,
49.52,1,-1.34153,-2.47915,-0.01010,0.66878,0.00131,0.08535,0.00991
49.52,2,-2.49915,-2.40501,-0.08814,0.38288,0.04365,0.15999,0.00627
49.54,0,-0.24639,-2.49452,-0.00115,0.49543,0.00000,0.00000,
49.54,1,-1.33000,-2.47924,-0.00990,0.54394,0.01343,0.08372,0.01982
49.54,2,-2.48935,-2.40590,-0.08487,0.52052,0.19993,0.16167,0.01780
49.56,0,-0.23648,-2.49453,-0.00115,0.49543,0.00000,0.00000,
49.56,1,-1.31915,-2.47933,-0.00966,0.53839,0.00667,0.08277,0.02973
49.56,2,-2.47878,-2.40683,-0.08210,0.56430,0.05699,0.16189,0.02866
49.58,0,-0.22657,-2.49455,-0.00115,0.49543,0.00000,0.00000,
49.58,1,-1.31028,-2.47943,-0.00981,0.38185,-0.01283,0.08382,0.03963
49.58,2,-2.46735,-2.40777,-0.08191,0.56346,0.00286,0.15928,0.03752
49.6,0,-0.21666,-2.49456,-0.00115,0.49543,0.00000,0.00000,
49.6,1,-1.30222,-2.47952,-0.01001,0.41916,-0.00852,0.08566,0.04954
49.6,2,-2.45612,-2.40868,-0.08160,0.55872,0.02996,0.15607,0.04559
49.62,0,-0.20675,-2.49457,-0.00115,0.49543,0.00000,0.00000,
49.62,1,-1.29415,-2.47961,-0.01013,0.41524,-0.00630,0.08749,0.05945
49.62,2,-2.44519,-2.40956,-0.08078,0.53985,0.04474,0.15317,0.05366
49.64,0,-0.19684,-2.49458,-0.00115,0.49543,0.00000,0.00000,
49.64,1,-1.28230,-2.47970,-0.01011,0.61110,0.00659,0.08555,0.01982
49.64,2,-2.43735,-2.41042,-0.07986,0.23346,0.02057,0.15713,0.01579
49.66,0,-0.18694,-2.49459,-0.00115,0.49543,0.00000,0.00000,
49.66,1,-1.27049,-2.47980,-0.00994,0.56472,0.00993,0.08365,0.02973
49.66,2,-2.43306,-2.41126,-0.07970,0.21740,0.00843,0.16458,0.02760
49.68,0,-0.17703,-2.49460,-0.00115,0.49543,0.00000,0.00000,
49.68,1,-1.25957,-2.47989,-0.00994,0.52653,-0.00859,0.08264,0.03963
49.68,2,-2.43048,-2.41210,-0.08341,0.12749,-0.49330,0.17288,0.03852
49.7,0,-0.16712,-2.49461,-0.00115,0.49543,0.00000,0.00000,
49.7,1,-1.25194,-2.47999,-0.01043,0.36103,-0.04370,0.08492,0.04954
49.7,2,-2.42640,-2.41275,-0.09228,0.24433,-0.19436,0.17638,0.04615
49.72,0,-0.15721,-2.49463,-0.00115,0.49543,0.00000,0.00000,
49.72,1,-1.24336,-2.48007,-0.01076,0.59537,0.00285,0.08625,0.00991
49.72,2,-2.42090,-2.41335,-0.09054,0.27799,0.16217,0.17943,0.05473
49.74,0,-0.14730,-2.49464,-0.00115,0.49543,0.00000,0.00000,
49.74,1,-1.23314,-2.48015,-0.01365,0.47021,-0.14148,0.08594,0.01982
49.74,2,-2.41443,-2.41397,-0.09932,0.35116,-0.77823,0.18314,0.01516
49.76,0,-0.13739,-2.49465,-0.00115,0.49543,0.00000,0.00000,
49.76,1,-1.22368,-2.48006,-0.01582,0.47973,-0.04660,0.08639,0.02973
49.76,2,-2.40699,-2.41454,-0.10661,0.39266,0.03591,0.18512,0.02462
49.78,0,-0.12748,-2.49466,-0.00115,0.49543,0.00000,0.00000,
49.78,1,-1.21506,-2.48003,-0.01593,0.37712,-0.00851,0.08767,0.03963
49.78,2,-2.39767,-2.41543,-0.10210,0.50812,0.25820,0.18437,0.03324
49.8,0,-0.11758,-2.49467,-0.00115,0.49543,0.00000,0.00000,
49.8,1,-1.20699,-2.48019,-0.01585,0.40085,0.01067,0.08951,0.04954
49.8,2,-2.38762,-2.41642,-0.09871,0.48827,0.09768,0.18235,0.04131
49.82,0,-0.10767,-2.49468,-0.00115,0.49543,0.00000,0.00000,
49.82,1,-1.19851,-2.48041,-0.01586,0.57424,-0.06128,0.09094,0.00991
49.82,2,-2.37844,-2.41730,-0.09750,0.44360,0.05225,0.18161,0.04979
49.84,0,-0.09776,-2.49469,-0.00115,0.49543,0.00000,0.00000,
49.84,1,-1.18700,-2.48056,-0.02260,0.55067,-0.30335,0.08934,0.01982
49.84,2,-2.36874,-2.41814,-0.10995,0.50205,-1.73850,0.18338,0.01618
49.86,0,-0.08785,-2.49471,-0.00115,0.49543,0.00000,0.00000,
49.86,1,-1.17618,-2.48056,-0.02653,0.53460,-0.06644,0.08843,0.02973
49.86,2,-2.35892,-2.41911,-0.14226,0.47148,-1.22099,0.18433,0.02700
49.88,0,-0.07794,-2.49472,-0.00115,0.49543,0.00000,0.00000,
49.88,1,-1.16578,-2.48085,-0.02553,0.50748,0.10322,0.08792,0.03963
49.88,2,-2.34990,-2.42035,-0.14638,0.45213,0.44226,0.18567,0.03741
49.9,0,-0.06803,-2.49473,-0.00115,0.49543,0.00000,0.00000,
49.9,1,-1.15760,-2.48114,-0.02428,0.41124,0.03901,0.08966,0.04954
49.9,2,-2.34075,-2.42165,-0.13520,0.47037,0.46421,0.18465,0.04559
49.92,0,-0.05812,-2.49474,-0.00115,0.49543,0.00000,0.00000,
49.92,1,-1.14890,-2.48138,-0.02383,0.50532,0.01729,0.09086,0.00991
49.92,2,-2.33138,-2.42291,-0.13023,0.47156,0.11480,0.18392,0.05429
49.94,0,-0.04821,-2.49475,-0.00115,0.49543,0.00000,0.00000,
49.94,1,-1.13670,-2.48162,-0.02307,0.54430,0.05941,0.08857,0.01982
49.94,2,-2.32193,-2.42412,-0.12801,0.45518,0.25596,0.18662,0.01668
49.96,0,-0.03831,-2.49476,-0.00115,0.49543,0.00000,0.00000,
49.96,1,-1.12609,-2.48185,-0.02180,0.53067,0.06226,0.08786,0.02973
49.96,2,-2.31436,-2.42512,-0.12386,0.35044,0.16098,0.18962,0.02730
49.98,0,-0.02840,-2.49477,-0.00115,0.49543,0.00000,0.00000,
49.98,1,-1.11708,-2.48200,-0.02139,0.35436,-0.02152,0.08876,0.03963
49.98,2,-2.30828,-2.42604,-0.12846,0.33342,-0.44573,0.19252,0.03631
50.0,0,-0.01849,-2.49479,-0.00115,0.49543,0.00000,0.00000,
50.0,1,-1.10934,-2.48220,-0.02152,0.41039,0.00825,0.09093,0.04954
50.0,2,-2.30079,-2.42711,-0.13225,0.38071,0.10544,0.19272,0.04405
50.02,0,-0.00858,-2.49480,-0.00115,0.49543,0.00000,0.00000,
50.02,1,-1.10150,-2.48243,-0.02098,0.43807,0.02606,0.09299,0.00991
50.02,2,-2.29189,-2.42832,-0.13120,0.48183,-0.14182,0.19162,0.05190
50.04,0,0.00133,-2.49481,-0.00115,0.49543,0.00000,0.00000,
50.04,1,-1.09094,-2.48258,-0.02518,0.49613,-0.12808,0.09234,0.01982
50.04,2,-2.28253,-2.42957,-0.13221,0.47189,0.08114,0.19277,0.01467
50.06,0,0.01124,-2.49482,-0.00115,0.49543,0.00000,0.00000,
50.06,1,-1.08068,-2.48271,-0.02427,0.52064,0.12160,0.09198,0.02973
50.06,2,-2.27282,-2.43081,-0.12838,0.49936,0.23763,0.19327,0.02493
50.08,0,0.02115,-2.49483,-0.00115,0.49543,0.00000,0.00000,
50.08,1,-1.07037,-2.48298,-0.02232,0.50804,0.06092,0.09158,0.03963
50.08,2,-2.26293,-2.43205,-0.12401,0.49319,0.19119,0.19365,0.03524
50.1,0,0.03039,-2.49484,-0.00116,0.46715,-0.00001,0.00000,
50.1,1,-1.06169,-2.48322,-0.02180,0.43640,0.01544,0.09214,0.04888
50.1,2,-2.25356,-2.43324,-0.12093,0.40581,0.08027,0.19291,0.04392
50.12,0,0.03983,-2.49485,-0.00116,0.47432,0.00011,0.00000,
50.12,1,-1.05281,-2.48343,-0.02148,0.44832,0.01862,0.09269,0.05831
50.12,2,-2.24536,-2.43432,-0.11841,0.42254,0.16326,0.19357,0.05281
50.14,0,0.04911,-2.49486,-0.00115,0.45446,0.00023,0.00000,
50.14,1,-1.04215,-2.48366,-0.02094,0.59303,0.03101,0.09133,0.01873
50.14,2,-2.23639,-2.43537,-0.11454,0.49643,0.27648,0.19521,0.01513
50.16,0,0.05886,-2.49488,-0.00115,0.50708,-0.00012,0.00000,
50.16,1,-1.03155,-2.48390,-0.02025,0.52007,0.02526,0.09047,0.02847
50.16,2,-2.22726,-2.43641,-0.10753,0.46148,0.31334,0.19665,0.02573
50.18,0,0.06910,-2.49489,-0.00116,0.51048,-0.00005,0.00000,
50.18,1,-1.02131,-2.48412,-0.01992,0.50043,0.01432,0.09046,0.03871
50.18,2,-2.21705,-2.43753,-0.10400,0.53228,0.10771,0.19665,0.03598
50.2,0,0.07915,-2.49490,-0.00116,0.49600,0.00003,0.00000,
50.2,1,-1.01353,-2.48432,-0.02003,0.35976,-0.01674,0.09273,0.04876
50.2,2,-2.20611,-2.43869,-0.10216,0.55691,0.10121,0.19346,0.04376
50.22,0,0.08899,-2.49491,-0.00115,0.49097,0.00001,0.00000,
50.22,1,-1.00608,-2.48447,-0.01981,0.31891,0.03272,0.09512,0.00984
50.22,2,-2.19501,-2.43982,-0.09979,0.55112,0.13089,0.18977,0.05122
50.24,0,0.09884,-2.49492,-0.00115,0.49382,-0.00000,0.00000,
50.24,1,-1.00032,-2.48457,-0.01659,0.31177,0.21769,0.09921,0.01969
50.24,2,-2.18570,-2.44076,-0.09695,0.38955,0.10700,0.18619,0.00957
50.26,0,0.10874,-2.49493,-0.00115,0.49607,-0.00000,0.00000,
50.26,1,-0.99288,-2.48466,-0.01377,0.38934,0.06993,0.10168,0.02960
50.26,2,-2.17948,-2.44161,-0.09785,0.30939,-0.13016,0.18738,0.01700
50.28,0,0.11867,-2.49495,-0.00115,0.49587,0.00000,0.00000,
50.28,1,-0.98324,-2.48480,-0.01350,0.53018,-0.01276,0.10195,0.03952
50.28,2,-2.17274,-2.44239,-0.09861,0.37992,0.07396,0.19026,0.02665
50.3,0,0.12858,-2.49496,-0.00115,0.49515,0.00000,0.00000,
50.3,1,-0.97283,-2.48493,-0.01372,0.51142,-0.00414,0.10145,0.04943
50.3,2,-2.16496,-2.44320,-0.09498,0.41502,0.21582,0.19287,0.03706
50.32,0,0.13848,-2.49497,-0.00115,0.49501,0.00000,0.00000,
50.32,1,-0.95995,-2.48505,-0.01193,0.68553,0.16912,0.09847,0.00990
50.32,2,-2.15537,-2.44415,-0.09188,0.51150,0.10990,0.19612,0.04994
50.34,0,0.14838,-2.49498,-0.00115,0.49518,0.00000,0.00000,
50.34,1,-0.94727,-2.48534,-0.00812,0.62013,0.22824,0.09569,0.01980
50.34,2,-2.14460,-2.44507,-0.08931,0.61013,0.19643,0.19800,0.01954
50.36,0,0.15828,-2.49499,-0.00115,0.49527,0.00000,0.00000,
50.36,1,-0.93597,-2.48550,-0.00557,0.45964,0.03245,0.09429,0.02971
50.36,2,-2.13290,-2.44599,-0.08507,0.59429,0.24748,0.19759,0.03084
50.38,0,0.16819,-2.49500,-0.00115,0.49525,0.00000,0.00000,
50.38,1,-0.92793,-2.48548,-0.00465,0.40824,0.09599,0.09616,0.03961
50.38,2,-2.11954,-2.44712,-0.08117,0.73071,0.14082,0.19222,0.03887
50.4,0,0.17809,-2.49501,-0.00115,0.49521,0.00000,0.00000,
50.4,1,-0.91937,-2.48550,-0.00321,0.44253,0.02735,0.09750,0.04952
50.4,2,-2.10392,-2.44843,-0.07922,0.81869,0.07661,0.18514,0.04744
50.42,0,0.18800,-2.49503,-0.00115,0.49521,0.00000,0.00000,
50.42,1,-0.91063,-2.48556,-0.00349,0.40325,-0.03275,0.09867,0.05942
50.42,2,-2.08766,-2.44977,-0.07750,0.73773,0.09649,0.17758,0.00427
50.44,0,0.19790,-2.49504,-0.00115,0.49522,0.00000,0.00000,
50.44,1,-0.89940,-2.48562,-0.00406,0.63523,-0.02159,0.09734,0.01981
50.44,2,-2.07170,-2.45111,-0.07390,0.77601,0.16718,0.17281,0.01550
50.46,0,0.20781,-2.49505,-0.00115,0.49522,0.00000,0.00000,
50.46,1,-0.88670,-2.48567,-0.00449,0.63523,-0.02166,0.09454,0.02971
50.46,2,-2.05944,-2.45222,-0.07218,0.49357,0.01895,0.17322,0.02820
50.48,0,0.21771,-2.49506,-0.00115,0.49522,0.00000,0.00000,
50.48,1,-0.87506,-2.48570,-0.00466,0.56363,0.00105,0.09281,0.03962
50.48,2,-2.04962,-2.45331,-0.07179,0.49347,0.02117,0.17501,0.03984
50.5,0,0.22761,-2.49507,-0.00115,0.49522,0.00000,0.00000,
50.5,1,-0.86591,-2.48575,-0.00471,0.39174,-0.00640,0.09356,0.04952
50.5,2,-2.03982,-2.45427,-0.07087,0.49064,0.07212,0.17434,0.04899
50.52,0,0.23752,-2.49508,-0.00115,0.49522,0.00000,0.00000,
50.52,1,-0.85653,-2.48577,-0.00835,0.50312,-0.28503,0.09409,0.00990
50.52,2,-2.03012,-2.45496,-0.06906,0.48245,0.09721,0.17399,0.05837
50.54,0,0.24742,-2.49509,-0.00115,0.49522,0.00000,0.00000,
50.54,1,-0.84707,-2.48567,-0.01227,0.45826,-0.07648,0.09454,0.01981
50.54,2,-2.01998,-2.45559,-0.06611,0.49696,0.23977,0.17329,0.01449
50.56,0,0.25733,-2.49511,-0.00115,0.49522,0.00000,0.00000,
50.56,1,-0.83701,-2.48579,-0.01183,0.52544,0.06518,0.09438,0.02971
50.56,2,-2.01033,-2.45619,-0.06200,0.46695,0.16123,0.17369,0.02455
50.58,0,0.26723,-2.49512,-0.00115,0.49522,0.00000,0.00000,
50.58,1,-0.82662,-2.48594,-0.01081,0.50673,0.02831,0.09389,0.03962
50.58,2,-1.99974,-2.45684,-0.06030,0.57307,0.04386,0.17348,0.03494
50.6,0,0.27714,-2.49513,-0.00115,0.49522,0.00000,0.00000,
50.6,1,-0.81686,-2.48606,-0.01071,0.47539,-0.00633,0.09404,0.04952
50.6,2,-1.98820,-2.45754,-0.05935,0.57965,0.05654,0.17169,0.04470
50.62,0,0.28704,-2.49514,-0.00115,0.49522,0.00000,0.00000,
50.62,1,-0.80520,-2.48616,-0.01079,0.64290,-0.00114,0.09228,0.00990
50.62,2,-1.97609,-2.45823,-0.05777,0.69256,0.14971,0.17122,0.00643
50.64,0,0.29695,-2.49515,-0.00115,0.49522,0.00000,0.00000,
50.64,1,-0.79292,-2.48623,-0.01116,0.54285,-0.04823,0.08990,0.01981
50.64,2,-1.96184,-2.45902,-0.05330,0.72033,0.23131,0.16923,0.01871
50.66,0,0.30685,-2.49516,-0.00115,0.49522,0.00000,0.00000,
50.66,1,-0.78202,-2.48636,-0.01197,0.51848,-0.02339,0.08891,0.02971
50.66,2,-1.94777,-2.45978,-0.05037,0.68533,0.07169,0.16605,0.02961
50.68,0,0.31675,-2.49517,-0.00115,0.49522,0.00000,0.00000,
50.68,1,-0.77352,-2.48652,-0.01258,0.41743,-0.03827,0.09031,0.03962
50.68,2,-1.93451,-2.46046,-0.04976,0.65002,0.02072,0.16128,0.03811
50.7,0,0.32666,-2.49519,-0.00115,0.49522,0.00000,0.00000,
50.7,1,-0.76503,-2.48669,-0.01312,0.43350,-0.00577,0.09172,0.04952
50.7,2,-1.92247,-2.46110,-0.04932,0.55596,0.02546,0.15772,0.04661
50.72,0,0.33656,-2.49520,-0.00115,0.49522,0.00000,0.00000,
50.72,1,-0.75414,-2.48679,-0.01272,0.66337,0.04267,0.09074,0.00990
50.72,2,-1.91097,-2.46169,-0.04814,0.59027,0.07467,0.15710,0.05750
50.74,0,0.34647,-2.49521,-0.00115,0.49522,0.00000,0.00000,
50.74,1,-0.74168,-2.48689,-0.01147,0.62027,0.06284,0.08818,0.01981
50.74,2,-1.90044,-2.46224,-0.04661,0.42864,0.07659,0.15901,0.01883
50.76,0,0.35637,-2.49522,-0.00115,0.49522,0.00000,0.00000,
50.76,1,-0.72982,-2.48703,-0.01035,0.55502,0.03250,0.08622,0.02971
50.76,2,-1.89189,-2.46265,-0.04540,0.46482,0.04900,0.16233,0.03069
50.78,0,0.36628,-2.49523,-0.00115,0.49522,0.00000,0.00000,
50.78,1,-0.71982,-2.48718,-0.01043,0.37344,-0.02220,0.08612,0.03962
50.78,2,-1.88193,-2.46312,-0.04464,0.53425,0.04202,0.16236,0.04069
50.8,0,0.37618,-2.49524,-0.00115,0.49522,0.00000,0.00000,
50.8,1,-0.71267,-2.48733,-0.01049,0.35831,0.00164,0.08888,0.04952
50.8,2,-1.87098,-2.46361,-0.04364,0.54460,0.05323,0.15856,0.04785
50.82,0,0.38608,-2.49525,-0.00115,0.49522,0.00000,0.00000,
50.82,1,-0.70319,-2.48745,-0.01032,0.53116,0.01950,0.08930,0.00990
50.82,2,-1.85983,-2.46408,-0.04231,0.70449,0.06938,0.15687,0.00547
50.84,0,0.39599,-2.49527,-0.00115,0.49522,0.00000,0.00000,
50.84,1,-0.69257,-2.48758,-0.00993,0.53116,0.01952,0.08858,0.01981
50.84,2,-1.84570,-2.46455,-0.03906,0.69426,0.18466,0.15337,0.01609
50.86,0,0.40589,-2.49528,-0.00115,0.49522,0.00000,0.00000,
50.86,1,-0.68200,-2.48774,-0.00950,0.52073,0.02078,0.08792,0.02971
50.86,2,-1.83221,-2.46508,-0.03572,0.63949,0.11493,0.15043,0.02666
50.88,0,0.41580,-2.49529,-0.00115,0.49522,0.00000,0.00000,
50.88,1,-0.67218,-2.48784,-0.00931,0.41575,-0.00240,0.08801,0.03962
50.88,2,-1.82057,-2.46550,-0.03491,0.50817,-0.01163,0.14861,0.03648
50.9,0,0.42570,-2.49530,-0.00115,0.49522,0.00000,0.00000,
50.9,1,-0.66373,-2.48790,-0.00933,0.43203,0.00170,0.08946,0.04952
50.9,2,-1.81159,-2.46586,-0.03514,0.46819,0.01747,0.14807,0.04492
50.92,0,0.43561,-2.49531,-0.00115,0.49522,0.00000,0.00000,
50.92,1,-0.65419,-2.48796,-0.00922,0.61678,0.01201,0.08982,0.00990
50.92,2,-1.80173,-2.46622,-0.03433,0.50621,0.04890,0.14775,0.05447
50.94,0,0.44551,-2.49532,-0.00115,0.49522,0.00000,0.00000,
50.94,1,-0.64161,-2.48802,-0.00883,0.58830,0.02431,0.08714,0.01981
50.94,2,-1.79151,-2.46657,-0.03346,0.52011,0.03917,0.15010,0.01775
50.96,0,0.45542,-2.49533,-0.00115,0.49522,0.00000,0.00000,
50.96,1,-0.62985,-2.48809,-0.00834,0.58655,0.02331,0.08529,0.02971
50.96,2,-1.78157,-2.46692,-0.03265,0.52238,0.02818,0.15192,0.02951
50.98,0,0.46532,-2.49535,-0.00115,0.49522,0.00000,0.00000,
50.98,1,-0.61875,-2.48818,-0.00808,0.52158,0.00538,0.08410,0.03962
50.98,2,-1.77095,-2.46727,-0.03220,0.52756,0.02240,0.15239,0.04060
51.0,0,0.47522,-2.49536,-0.00115,0.49522,0.00000,0.00000,
51.0,1,-0.61047,-2.48827,-0.00812,0.41257,0.00067,0.08572,0.04952
51.0,2,-1.76074,-2.46760,-0.03168,0.49693,0.02835,0.15046,0.04889
51.02,0,0.48513,-2.49537,-0.00115,0.49522,0.00000,0.00000,
51.02,1,-0.60192,-2.48835,-0.00804,0.43569,0.00492,0.08708,0.00990
51.02,2,-1.75213,-2.46790,-0.03139,0.42688,0.02075,0.15039,0.05743
51.04,0,0.49503,-2.49538,-0.00115,0.49522,0.00000,0.00000,
51.04,1,-0.58979,-2.48843,-0.00779,0.59878,0.01797,0.08485,0.01981
51.04,2,-1.74303,-2.46819,-0.03078,0.55129,0.03960,0.15341,0.01646
51.06,0,0.50494,-2.49539,-0.00115,0.49522,0.00000,0.00000,
51.06,1,-0.57787,-2.48851,-0.00743,0.57359,0.01964,0.08283,0.02971
51.06,2,-1.73068,-2.46851,-0.02938,0.55398,0.11091,0.15299,0.02839
51.08,0,0.51484,-2.49540,-0.00115,0.49522,0.00000,0.00000,
51.08,1,-0.56696,-2.48858,-0.00715,0.54451,0.00348,0.08182,0.03962
51.08,2,-1.71961,-2.46888,-0.02719,0.55138,0.10237,0.15283,0.03930
51.1,0,0.52475,-2.49541,-0.00115,0.49522,0.00000,0.00000,
51.1,1,-0.55904,-2.48864,-0.00733,0.37487,-0.00860,0.08381,0.04952
51.1,2,-1.71025,-2.46922,-0.02615,0.38678,0.02192,0.15137,0.04721
51.12,0,0.53465,-2.49543,-0.00115,0.49522,0.00000,0.00000,
51.12,1,-0.54982,-2.48870,-0.00773,0.61308,-0.15388,0.08449,0.00990
51.12,2,-1.70213,-2.46946,-0.02578,0.42154,0.01700,0.15247,0.05643
51.14,0,0.54456,-2.49544,-0.00115,0.49522,0.00000,0.00000,
51.14,1,-0.53950,-2.48876,-0.01018,0.47496,-0.11216,0.08408,0.01981
51.14,2,-1.69350,-2.46968,-0.02533,0.44312,0.03385,0.15415,0.01577
51.16,0,0.55446,-2.49545,-0.00115,0.49522,0.00000,0.00000,
51.16,1,-0.52983,-2.48860,-0.01068,0.49374,0.04280,0.08431,0.02971
51.16,2,-1.68361,-2.46994,-0.02483,0.49350,0.02071,0.15393,0.02545
51.18,0,0.56436,-2.49546,-0.00115,0.49522,0.00000,0.00000,
51.18,1,-0.52123,-2.48865,-0.00995,0.41633,0.01963,0.08561,0.03962
51.18,2,-1.67386,-2.47018,-0.02451,0.48968,0.01234,0.15278,0.03405
51.2,0,0.57427,-2.49547,-0.00115,0.49522,0.00000,0.00000,
51.2,1,-0.51253,-2.48881,-0.00973,0.44293,0.00553,0.08682,0.04952
51.2,2,-1.66431,-2.47042,-0.02424,0.46620,0.01472,0.15192,0.04274
51.22,0,0.58417,-2.49548,-0.00115,0.49522,0.00000,0.00000,
51.22,1,-0.50233,-2.48898,-0.00977,0.58604,-0.02493,0.08652,0.00990
51.22,2,-1.65677,-2.47064,-0.02423,0.34429,0.00174,0.15458,0.05295
51.24,0,0.59408,-2.49549,-0.00115,0.49522,0.00000,0.00000,
51.24,1,-0.49088,-2.48914,-0.01026,0.52170,-0.02113,0.08498,0.01981
51.24,2,-1.64855,-2.47087,-0.02381,0.51580,0.19723,0.15781,0.01710
51.26,0,0.60398,-2.49551,-0.00115,0.49522,0.00000,0.00000,
51.26,1,-0.48045,-2.48908,-0.01052,0.52093,-0.00687,0.08445,0.02971
51.26,2,-1.63990,-2.47116,-0.02138,0.39044,0.10473,0.15959,0.02753
51.28,0,0.61389,-2.49552,-0.00115,0.49522,0.00000,0.00000,
51.28,1,-0.47143,-2.48913,-0.01066,0.37963,-0.01362,0.08534,0.03962
51.28,2,-1.63132,-2.47137,-0.01904,0.48792,0.08583,0.16002,0.03655
51.3,0,0.62379,-2.49553,-0.00115,0.49522,0.00000,0.00000,
51.3,1,-0.46335,-2.48927,-0.01068,0.42256,0.00685,0.08716,0.04952
51.3,2,-1.62067,-2.47159,-0.01860,0.54737,-0.01388,0.15746,0.04463
51.32,0,0.63370,-2.49554,-0.00115,0.49522,0.00000,0.00000,
51.32,1,-0.45367,-2.48943,-0.01192,0.52587,-0.24254,0.08738,0.00990
51.32,2,-1.60966,-2.47181,-0.01891,0.54153,-0.00719,0.15612,0.05431
51.34,0,0.64360,-2.49555,-0.00115,0.49522,0.00000,0.00000,
51.34,1,-0.44316,-2.48957,-0.01674,0.52622,-0.23738,0.08677,0.01981
51.34,2,-1.59882,-2.47201,-0.01876,0.62557,0.02107,0.15580,0.01577
51.36,0,0.65350,-2.49556,-0.00115,0.49522,0.00000,0.00000,
51.36,1,-0.43263,-2.48923,-0.02085,0.52199,-0.15975,0.08615,0.02971
51.36,2,-1.58584,-2.47221,-0.01816,0.63379,0.03321,0.15334,0.02630
51.38,0,0.66341,-2.49557,-0.00115,0.49522,0.00000,0.00000,
51.38,1,-0.42263,-2.48931,-0.02145,0.49483,0.06264,0.08605,0.03962
51.38,2,-1.57341,-2.47240,-0.01758,0.60119,0.01796,0.15091,0.03630
51.4,0,0.67331,-2.49559,-0.00115,0.49522,0.00000,0.00000,
51.4,1,-0.41408,-2.48958,-0.02006,0.43192,0.06847,0.08741,0.04952
51.4,2,-1.56201,-2.47260,-0.01755,0.48288,-0.01641,0.14805,0.04485
51.42,0,0.68322,-2.49560,-0.00115,0.49522,0.00000,0.00000,
51.42,1,-0.40528,-2.48985,-0.01904,0.44358,0.03602,0.08852,0.00990
51.42,2,-1.55284,-2.47278,-0.01773,0.47430,0.00344,0.14768,0.05365
51.44,0,0.69312,-2.49561,-0.00115,0.49522,0.00000,0.00000,
51.44,1,-0.39277,-2.49011,-0.01780,0.61355,0.11281,0.08590,0.01981
51.44,2,-1.54301,-2.47296,-0.01747,0.50023,0.01743,0.15037,0.01695
51.46,0,0.70303,-2.49562,-0.00115,0.49522,0.00000,0.00000,
51.46,1,-0.38055,-2.49036,-0.01553,0.58838,0.11626,0.08359,0.02971
51.46,2,-1.53330,-2.47313,-0.01719,0.46845,0.01087,0.15288,0.02917
51.48,0,0.71293,-2.49563,-0.00115,0.49522,0.00000,0.00000,
51.48,1,-0.36928,-2.49053,-0.01358,0.54885,0.05252,0.08223,0.03962
51.48,2,-1.52347,-2.47330,-0.01711,0.50413,0.00091,0.15432,0.04043
51.5,0,0.72283,-2.49564,-0.00115,0.49522,0.00000,0.00000,
51.5,1,-0.36082,-2.49067,-0.01317,0.39518,0.01327,0.08366,0.04952
51.5,2,-1.51344,-2.47347,-0.01707,0.49480,0.00368,0.15275,0.04890
51.52,0,0.73274,-2.49565,-0.00115,0.49522,0.00000,0.00000,
51.52,1,-0.35253,-2.49079,-0.01286,0.42730,0.01765,0.08528,0.00990
51.52,2,-1.50378,-2.47364,-0.01697,0.47431,0.00572,0.15138,0.05719
51.54,0,0.74264,-2.49567,-0.00115,0.49522,0.00000,0.00000,
51.54,1,-0.34088,-2.49091,-0.01234,0.53123,0.03612,0.08353,0.01981
51.54,2,-1.49303,-2.47381,-0.01686,0.63416,0.00498,0.15228,0.01588
51.56,0,0.75255,-2.49568,-0.00115,0.49522,0.00000,0.00000,
51.56,1,-0.33058,-2.49103,-0.01159,0.51460,0.03426,0.08313,0.02971
51.56,2,-1.48081,-2.47401,-0.01672,0.56351,0.00832,0.15036,0.02618
51.58,0,0.76245,-2.49569,-0.00115,0.49522,0.00000,0.00000,
51.58,1,-0.32085,-2.49114,-0.01122,0.39374,0.00108,0.08331,0.03962
51.58,2,-1.47031,-2.47419,-0.01663,0.49605,0.00268,0.14959,0.03591
51.6,0,0.77236,-2.49570,-0.00115,0.49522,0.00000,0.00000,
51.6,1,-0.31314,-2.49124,-0.01114,0.40489,0.01137,0.08551,0.04952
51.6,2,-1.46168,-2.47435,-0.01672,0.34814,-0.01438,0.14866,0.04361
51.62,0,0.78226,-2.49571,-0.00115,0.49522,0.00000,0.00000,
51.62,1,-0.30304,-2.49134,-0.01070,0.51659,0.03319,0.08531,0.00990
51.62,2,-1.45444,-2.47453,-0.01712,0.37444,-0.02553,0.15152,0.00557
51.64,0,0.79217,-2.49572,-0.00115,0.49522,0.00000,0.00000,
51.64,1,-0.29271,-2.49143,-0.01004,0.51659,0.03318,0.08488,0.01981
51.64,2,-1.44313,-2.47469,-0.01315,0.51878,0.32107,0.15054,0.01590
51.66,0,0.80207,-2.49573,-0.00115,0.49522,0.00000,0.00000,
51.66,1,-0.28250,-2.49153,-0.00945,0.49822,0.02063,0.08458,0.02971
51.66,2,-1.43320,-2.47491,-0.00857,0.51211,0.02527,0.15082,0.02611
51.68,0,0.81131,-2.49574,-0.00116,0.46697,-0.00001,0.00000,
51.68,1,-0.27262,-2.49162,-0.00925,0.45558,0.00245,0.08393,0.03895
51.68,2,-1.42236,-2.47547,-0.01289,0.56737,-0.27515,0.14986,0.03600
51.7,0,0.82074,-2.49576,-0.00116,0.47412,0.00011,0.00000,
51.7,1,-0.26454,-2.49171,-0.00920,0.41399,0.00858,0.08529,0.04839
51.7,2,-1.41074,-2.47563,-0.01577,0.54698,-0.04066,0.14631,0.04407
51.72,0,0.83003,-2.49577,-0.00115,0.45423,0.00023,0.00000,
51.72,1,-0.25536,-2.49179,-0.00892,0.53135,0.02004,0.08539,0.00928
51.72,2,-1.39982,-2.47572,-0.01537,0.54311,0.03997,0.14458,0.05326
51.74,0,0.83977,-2.49578,-0.00115,0.50696,-0.00012,0.00000,
51.74,1,-0.24489,-2.49187,-0.00845,0.52329,0.02350,0.08466,0.01902
51.74,2,-1.38980,-2.47582,-0.01492,0.35980,0.00610,0.14503,0.01543
51.76,0,0.85001,-2.49579,-0.00116,0.51038,-0.00005,0.00000,
51.76,1,-0.23467,-2.49195,-0.00811,0.49311,0.01014,0.08468,0.02927
51.76,2,-1.38505,-2.47592,-0.01489,0.14388,-0.01029,0.15049,0.02565
51.78,0,0.85996,-2.49580,-0.00115,0.48868,0.00011,0.00000,
51.78,1,-0.22524,-2.49202,-0.00798,0.45814,0.00539,0.08520,0.03921
51.78,2,-1.38359,-2.47603,-0.01530,0.03032,-0.02802,0.15846,0.03508
51.8,0,0.86997,-2.49581,-0.00115,0.50860,-0.00003,0.00000,
51.8,1,-0.21665,-2.49209,-0.00787,0.38761,0.00484,0.08662,0.04922
51.8,2,-1.38272,-2.47632,-0.02022,0.09188,-0.59542,0.16618,0.04367
51.82,0,0.88020,-2.49582,-0.00115,0.51225,-0.00002,0.00000,
51.82,1,-0.20865,-2.49216,-0.00761,0.38514,0.01593,0.08886,0.01024
51.82,2,-1.37856,-2.47655,-0.02963,0.26528,-0.22604,0.17002,0.05167
51.84,0,0.89040,-2.49584,-0.00115,0.50741,0.00001,0.00000,
51.84,1,-0.20060,-2.49222,-0.00735,0.43128,0.00968,0.09101,0.02043
51.84,2,-1.37303,-2.47674,-0.02787,0.27528,0.12016,0.17253,0.01190
51.86,0,0.90051,-2.49585,-0.00115,0.50499,0.00001,0.00000,
51.86,1,-0.19131,-2.49229,-0.00721,0.48139,0.00612,0.09183,0.03055
51.86,2,-1.36708,-2.47718,-0.03067,0.32819,-0.45249,0.17586,0.02119
51.88,0,0.91010,-2.49586,-0.00116,0.47224,-0.00014,0.00000,
51.88,1,-0.18199,-2.49236,-0.00705,0.49625,0.00712,0.09210,0.04014
51.88,2,-1.36011,-2.47803,-0.04246,0.35990,-0.42818,0.17821,0.03051
51.9,0,0.91968,-2.49587,-0.00116,0.48330,0.00012,0.00000,
51.9,1,-0.17182,-2.49243,-0.00691,0.50675,0.00742,0.09151,0.04972
51.9,2,-1.35080,-2.47842,-0.04374,0.52617,0.14819,0.17906,0.04069
51.92,0,0.92938,-2.49588,-0.00116,0.48440,0.00004,0.00000,
51.92,1,-0.16010,-2.49251,-0.00672,0.61946,0.01142,0.08949,0.00969
51.92,2,-1.34023,-2.47876,-0.04029,0.51087,0.13724,0.18021,0.05240
51.94,0,0.93903,-2.49589,-0.00116,0.48125,-0.00002,0.00000,
51.94,1,-0.14836,-2.49259,-0.00652,0.57630,0.00713,0.08740,0.01935
51.94,2,-1.33018,-2.47907,-0.03880,0.62892,0.05518,0.18189,0.01804
51.96,0,0.94857,-2.49590,-0.00116,0.46507,0.00014,0.00000,
51.96,1,-0.13798,-2.49267,-0.00643,0.40620,-0.00111,0.08655,0.02889
51.96,2,-1.31827,-2.47939,-0.03448,0.59024,0.19092,0.18037,0.02843
51.98,0,0.95824,-2.49592,-0.00115,0.49640,-0.00003,0.00000,
51.98,1,-0.13039,-2.49275,-0.00652,0.38305,-0.01317,0.08864,0.03856
51.98,2,-1.30639,-2.47977,-0.03263,0.56735,0.03868,0.17607,0.03601
52.0,0,0.96821,-2.49593,-0.00115,0.48750,0.00011,0.00000,
52.0,1,-0.12233,-2.49281,-0.00675,0.41905,-0.00277,0.09055,0.04853
52.0,2,-1.29415,-2.48022,-0.03230,0.65772,0.01438,0.17188,0.04407
52.02,0,0.97824,-2.49594,-0.00115,0.51025,-0.00003,0.00000,
52.02,1,-0.11291,-2.49285,-0.00657,0.58884,0.02074,0.09116,0.01003
52.02,2,-1.28076,-2.48067,-0.03163,0.66431,0.04713,0.16792,0.05350
52.04,0,0.98849,-2.49595,-0.00116,0.51164,-0.00002,0.00000,
52.04,1,-0.10118,-2.49289,-0.00615,0.56337,0.02240,0.08968,0.02028
52.04,2,-1.26643,-2.48110,-0.03165,0.76733,-0.07284,0.16531,0.01690
52.06,0,0.99866,-2.49596,-0.00116,0.50534,0.00001,0.00000,
52.06,1,-0.09067,-2.49296,-0.00567,0.52324,0.02424,0.08933,0.03044
52.06,2,-1.25154,-2.48136,-0.03659,0.69697,-0.42933,0.16093,0.02741
52.08,0,1.00873,-2.49597,-0.00115,0.50317,0.00001,0.00000,
52.08,1,-0.08060,-2.49305,-0.00536,0.42692,0.00473,0.08934,0.04052
52.08,2,-1.23991,-2.48174,-0.04137,0.48767,-0.04435,0.15936,0.03748
52.1,0,1.01880,-2.49599,-0.00115,0.50441,0.00000,0.00000,
52.1,1,-0.07248,-2.49308,-0.00531,0.42029,0.00275,0.09129,0.05059
52.1,2,-1.23278,-2.48218,-0.04238,0.33380,-0.07512,0.16035,0.04560
52.12,0,1.02846,-2.49600,-0.00116,0.47084,-0.00019,0.00000,
52.12,1,-0.06415,-2.49311,-0.00503,0.33725,0.03521,0.09262,0.00966
52.12,2,-1.22600,-2.48265,-0.04409,0.35647,-0.08181,0.16190,0.05393
52.14,0,1.03800,-2.49601,-0.00116,0.48146,0.00012,0.00000,
52.14,1,-0.05739,-2.49312,-0.00424,0.34292,0.06213,0.09540,0.01920
52.14,2,-1.21790,-2.48305,-0.04568,0.48892,-0.49059,0.16055,0.01080
52.16,0,1.04767,-2.49602,-0.00116,0.48302,0.00005,0.00000,
52.16,1,-0.04945,-2.49313,-0.00310,0.44730,0.03201,0.09712,0.02886
52.16,2,-1.20759,-2.48362,-0.04921,0.52781,-0.04056,0.15817,0.01874
52.18,0,1.05729,-2.49603,-0.00116,0.48012,-0.00002,0.00000,
52.18,1,-0.04017,-2.49317,-0.00300,0.46689,-0.00743,0.09747,0.03849
52.18,2,-1.19766,-2.48405,-0.04818,0.50212,0.14792,0.15753,0.02803
52.2,0,1.06667,-2.49604,-0.00115,0.46775,0.00015,0.00000,
52.2,1,-0.03008,-2.49321,-0.00316,0.51867,-0.00481,0.09675,0.04787
52.2,2,-1.18718,-2.48460,-0.04516,0.53382,0.13072,0.15714,0.03812
52.22,0,1.07664,-2.49605,-0.00115,0.51618,-0.00009,0.00000,
52.22,1,-0.01917,-2.49325,-0.00315,0.58749,0.00405,0.09581,0.00997
52.22,2,-1.17695,-2.48514,-0.04349,0.56955,0.07488,0.15781,0.00572
52.24,0,1.08703,-2.49607,-0.00116,0.51658,-0.00003,0.00000,
52.24,1,-0.00799,-2.49329,-0.00306,0.53024,0.00290,0.09502,0.02035
52.24,2,-1.16546,-2.48571,-0.04359,0.53365,-0.01291,0.15749,0.01690
52.26,0,1.09720,-2.49608,-0.00116,0.50249,0.00003,0.00000,
52.26,1,0.00195,-2.49332,-0.00304,0.47517,0.00022,0.09525,0.03052
52.26,2,-1.15438,-2.48623,-0.04287,0.59969,0.06753,0.15635,0.02684
52.28,0,1.10718,-2.49609,-0.00116,0.49845,0.00001,0.00000,
52.28,1,0.01085,-2.49334,-0.00305,0.36469,-0.00216,0.09634,0.04051
52.28,2,-1.14203,-2.48675,-0.04115,0.61683,0.09016,0.15290,0.03574
52.3,0,1.11718,-2.49610,-0.00116,0.50145,0.00000,0.00000,
52.3,1,0.01860,-2.49337,-0.00305,0.40824,0.00138,0.09858,0.05051
52.3,2,-1.13013,-2.48723,-0.03953,0.57683,0.07326,0.14875,0.04350
52.32,0,1.12724,-2.49611,-0.00116,0.50346,0.00000,0.00000,
52.32,1,0.02674,-2.49340,-0.00297,0.38941,0.00438,0.10050,0.01006
52.32,2,-1.11899,-2.48767,-0.03818,0.51005,0.05248,0.14575,0.00389
52.34,0,1.13700,-2.49612,-0.00116,0.46672,-0.00028,0.00000,
52.34,1,0.03457,-2.49342,-0.00290,0.40757,0.00340,0.10244,0.01982
52.34,2,-1.11058,-2.48808,-0.03641,0.41215,0.09560,0.14516,0.01172
52.36,0,1.14646,-2.49613,-0.00116,0.47735,0.00010,0.00000,
52.36,1,0.04462,-2.49345,-0.00286,0.55354,0.00086,0.10184,0.02928
52.36,2,-1.10244,-2.48849,-0.03453,0.36735,0.08064,0.14707,0.02177
52.38,0,1.15606,-2.49615,-0.00116,0.48087,0.00008,0.00000,
52.38,1,0.05565,-2.49348,-0.00286,0.53329,0.00020,0.10041,0.03888
52.38,2,-1.09657,-2.48877,-0.03347,0.31910,0.05466,0.15223,0.03280
52.4,0,1.16565,-2.49616,-0.00116,0.47851,-0.00001,0.00000,
52.4,1,0.06567,-2.49351,-0.00285,0.47855,0.00075,0.09999,0.04847
52.4,2,-1.09032,-2.48902,-0.03192,0.34818,0.08534,0.15599,0.04282
52.42,0,1.17512,-2.49617,-0.00116,0.48568,-0.00002,0.00000,
52.42,1,0.07513,-2.49354,-0.00283,0.50781,0.00127,0.10000,0.00947
52.42,2,-1.08328,-2.48926,-0.02935,0.38898,0.51415,0.15841,0.00475
52.44,0,1.18492,-2.49618,-0.00115,0.50190,-0.00001,0.00000,
52.44,1,0.08750,-2.49357,-0.00279,0.63969,0.00173,0.09742,0.01926
52.44,2,-1.07680,-2.48968,-0.02049,0.41575,-0.38601,0.16430,0.01713
52.46,0,1.19516,-2.49619,-0.00116,0.51531,-0.00005,0.00000,
52.46,1,0.09893,-2.49360,-0.00277,0.50732,0.00064,0.09624,0.02951
52.46,2,-1.06773,-2.48990,-0.02066,0.48514,0.22410,0.16666,0.02855
52.48,0,1.20538,-2.49620,-0.00116,0.50578,0.00001,0.00000,
52.48,1,0.10810,-2.49362,-0.00276,0.43790,0.00055,0.09728,0.03972
52.48,2,-1.05754,-2.49009,-0.01653,0.51929,0.12991,0.16564,0.03773
52.5,0,1.21541,-2.49621,-0.00116,0.49919,0.00002,0.00000,
52.5,1,0.11679,-2.49365,-0.00275,0.38785,-0.00092,0.09862,0.04975
52.5,2,-1.04756,-2.49030,-0.01561,0.52831,-0.00545,0.16436,0.04642
52.52,0,1.22539,-2.49623,-0.00116,0.50014,0.00001,0.00000,
52.52,1,0.12465,-2.49367,-0.00272,0.36673,0.00271,0.10075,0.00999
52.52,2,-1.03671,-2.49048,-0.01579,0.54209,0.00304,0.16136,0.05427
52.54,0,1.23542,-2.49624,-0.00116,0.50233,0.00000,0.00000,
52.54,1,0.13207,-2.49370,-0.00267,0.38683,0.00202,0.10336,0.02002
52.54,2,-1.02594,-2.49065,-0.01533,0.55944,0.03403,0.15801,0.01109
52.56,0,1.24547,-2.49625,-0.00115,0.50266,0.00001,0.00000,
52.56,1,0.14076,-2.49372,-0.00265,0.46937,0.00028,0.10472,0.03007
52.56,2,-1.01474,-2.49082,-0.01464,0.54386,0.03147,0.15550,0.01978
52.58,0,1.25552,-2.49626,-0.00115,0.50211,0.00001,0.00000,
52.58,1,0.15006,-2.49374,-0.00264,0.48957,0.00049,0.10546,0.04012
52.58,2,-1.00447,-2.49097,-0.01411,0.49216,0.02358,0.15454,0.02908
52.6,0,1.26506,-2.49627,-0.00116,0.46906,-0.00013,0.00000,
52.6,1,0.16031,-2.49377,-0.00263,0.51552,0.00037,0.10475,0.04965
52.6,2,-0.99593,-2.49111,-0.01378,0.42639,0.01933,0.15624,0.03933
52.62,0,1.27456,-2.49628,-0.00116,0.47907,0.00012,0.00000,
52.62,1,0.17182,-2.49380,-0.00261,0.58387,0.00255,0.10274,0.00950
52.62,2,-0.98708,-2.49123,-0.01330,0.45153,0.02627,0.15891,0.00607
52.64,0,1.28417,-2.49629,-0.00116,0.48015,0.00004,0.00000,
52.64,1,0.18344,-2.49383,-0.00258,0.57399,0.00054,0.10073,0.01911
52.64,2,-0.97686,-2.49136,-0.01237,0.48769,0.05307,0.16030,0.01768
52.66,0,1.29365,-2.49631,-0.00116,0.46575,0.00010,0.00000,
52.66,1,0.19381,-2.49386,-0.00258,0.40649,-0.00257,0.09984,0.02859
52.66,2,-0.96823,-2.49143,-0.01081,0.42614,0.15364,0.16204,0.02806
52.68,0,1.30324,-2.49632,-0.00115,0.47898,0.00010,0.00000,
52.68,1,0.20141,-2.49389,-0.00264,0.38484,-0.00201,0.10183,0.03818
52.68,2,-0.95802,-2.49149,-0.00766,0.58513,0.10484,0.15943,0.03566
52.7,0,1.31326,-2.49633,-0.00115,0.51346,-0.00006,0.00000,
52.7,1,0.20951,-2.49391,-0.00264,0.42026,0.00125,0.10376,0.04821
52.7,2,-0.94564,-2.49162,-0.00703,0.61939,-0.00687,0.15515,0.04376
52.72,0,1.32355,-2.49634,-0.00116,0.51157,-0.00002,0.00000,
52.72,1,0.21772,-2.49394,-0.00260,0.41509,0.00196,0.10583,0.01029
52.72,2,-0.93282,-2.49173,-0.00728,0.64404,-0.00549,0.15055,0.00400
52.74,0,1.33366,-2.49635,-0.00116,0.50092,0.00002,0.00000,
52.74,1,0.22625,-2.49396,-0.00252,0.39518,0.00366,0.10741,0.02040
52.74,2,-0.91905,-2.49184,-0.00677,0.72611,0.03322,0.14531,0.01253
52.76,0,1.34364,-2.49636,-0.00115,0.49851,0.00001,0.00000,
52.76,1,0.23491,-2.49398,-0.00249,0.47218,0.00040,0.10873,0.03037
52.76,2,-0.90527,-2.49197,-0.00522,0.62107,0.09244,0.14018,0.02118
52.78,0,1.35363,-2.49637,-0.00115,0.50095,0.00000,0.00000,
52.78,1,0.24493,-2.49400,-0.00249,0.49428,0.00044,0.10871,0.04037
52.78,2,-0.89519,-2.49203,-0.00431,0.36761,0.01047,0.14012,0.03120
52.8,0,1.36367,-2.49639,-0.00115,0.50233,0.00000,0.00000,
52.8,1,0.25499,-2.49403,-0.00248,0.51915,0.00055,0.10869,0.05041
52.8,2,-0.88866,-2.49208,-0.00426,0.32751,-0.00645,0.14364,0.04126
52.82,0,1.37371,-2.49640,-0.00115,0.50200,0.00001,0.00000,
52.82,1,0.26532,-2.49405,-0.00246,0.50864,0.00058,0.10839,0.06045
52.82,2,-0.88153,-2.49214,-0.00469,0.38577,-0.01691,0.14686,0.05160
52.84,0,1.38375,-2.49641,-0.00115,0.50150,0.00001,0.00000,
52.84,1,0.27841,-2.49408,-0.00243,0.69306,0.00274,0.10535,0.02008
52.84,2,-0.87223,-2.49216,-0.00449,0.53525,0.03699,0.15064,0.01822
52.86,0,1.39327,-2.49642,-0.00116,0.46872,-0.00013,0.00000,
52.86,1,0.29124,-2.49411,-0.00240,0.59979,0.00039,0.10204,0.02960
52.86,2,-0.86152,-2.49218,-0.00374,0.53525,0.03722,0.15277,0.03105
52.88,0,1.40277,-2.49643,-0.00116,0.47876,0.00012,0.00000,
52.88,1,0.30214,-2.49413,-0.00240,0.51153,-0.00011,0.10063,0.03910
52.88,2,-0.85180,-2.49230,-0.00365,0.50072,-0.04781,0.15394,0.04195
52.9,0,1.41237,-2.49644,-0.00116,0.47978,0.00004,0.00000,
52.9,1,0.30979,-2.49416,-0.00245,0.33877,-0.00348,0.10259,0.04870
52.9,2,-0.84102,-2.49237,-0.00458,0.52719,-0.03070,0.15081,0.04960
52.92,0,1.42178,-2.49645,-0.00115,0.45184,0.00024,0.00000,
52.92,1,0.31776,-2.49418,-0.00251,0.51980,-0.00247,0.10403,0.00941
52.92,2,-0.83021,-2.49240,-0.00466,0.54368,0.01166,0.14796,0.05757
52.94,0,1.43150,-2.49647,-0.00115,0.50790,-0.00009,0.00000,
52.94,1,0.32809,-2.49422,-0.00251,0.52819,0.00069,0.10340,0.01913
52.94,2,-0.81904,-2.49243,-0.00384,0.63339,0.16468,0.14713,0.01492
52.96,0,1.44182,-2.49648,-0.00116,0.51629,-0.00005,0.00000,
52.96,1,0.33862,-2.49425,-0.00250,0.52112,0.00079,0.10320,0.02945
52.96,2,-0.80648,-2.49256,0.00064,0.61045,0.39210,0.14511,0.02544
52.98,0,1.45199,-2.49649,-0.00116,0.50220,0.00003,0.00000,
52.98,1,0.34875,-2.49427,-0.00248,0.49451,0.00100,0.10324,0.03962
52.98,2,-0.79604,-2.49269,0.00780,0.45176,0.18745,0.14479,0.03557
53.0,0,1.46195,-2.49650,-0.00115,0.49581,0.00002,0.00000,
53.0,1,0.35722,-2.49430,-0.00248,0.42874,0.00083,0.10472,0.04958
53.0,2,-0.78865,-2.49261,0.00788,0.26787,-0.05842,0.14587,0.04405
53.02,0,1.47188,-2.49651,-0.00115,0.49816,0.00000,0.00000,
53.02,1,0.36502,-2.49432,-0.00242,0.33683,0.00409,0.10687,0.00994
53.02,2,-0.78333,-2.49244,0.00568,0.20950,-0.68503,0.14835,0.00337
53.04,0,1.48188,-2.49652,-0.00115,0.50068,0.00000,0.00000,
53.04,1,0.37168,-2.49434,-0.00234,0.30186,0.00200,0.11020,0.01993
53.04,2,-0.77889,-2.49235,-0.01048,0.24878,-0.87114,0.15057,0.01003
53.06,0,1.49189,-2.49654,-0.00115,0.50069,0.00001,0.00000,
53.06,1,0.37851,-2.49436,-0.00232,0.38266,0.00190,0.11339,0.02995
53.06,2,-0.77274,-2.49243,-0.02034,0.32841,-0.12529,0.15125,0.01686
53.08,0,1.50190,-2.49655,-0.00115,0.49996,0.00001,0.00000,
53.08,1,0.38598,-2.49438,-0.00226,0.37603,0.00292,0.11592,0.03995
53.08,2,-0.76543,-2.49255,-0.02633,0.39555,-0.49934,0.15141,0.02433
53.1,0,1.51189,-2.49656,-0.00115,0.49975,0.00000,0.00000,
53.1,1,0.39363,-2.49440,-0.00221,0.40340,0.00185,0.11826,0.04995
53.1,2,-0.75686,-2.49277,-0.03173,0.44924,-0.03054,0.15050,0.03199
53.12,0,1.52189,-2.49657,-0.00115,0.49991,0.00000,0.00000,
53.12,1,0.40262,-2.49442,-0.00220,0.47982,-0.00001,0.11928,0.05995
53.12,2,-0.74774,-2.49298,-0.02902,0.50168,0.19841,0.15035,0.00468
53.14,0,1.53133,-2.49658,-0.00116,0.46871,-0.00009,0.00000,
53.14,1,0.41520,-2.49444,-0.00217,0.68874,0.00254,0.11613,0.01943
53.14,2,-0.73955,-2.49318,-0.02543,0.39152,0.11592,0.15476,0.01727
53.16,0,1.54082,-2.49659,-0.00116,0.47779,0.00012,0.00000,
53.16,1,0.42866,-2.49446,-0.00211,0.63700,0.00357,0.11216,0.02892
53.16,2,-0.73071,-2.49339,-0.02451,0.48825,0.01338,0.15937,0.03072
53.18,0,1.55039,-2.49660,-0.00116,0.47798,0.00003,0.00000,
53.18,1,0.44107,-2.49448,-0.00205,0.60170,0.00225,0.10932,0.03849
53.18,2,-0.72035,-2.49364,-0.02409,0.52733,0.03498,0.16142,0.04314
53.2,0,1.55970,-2.49661,-0.00115,0.47735,0.00006,0.00000,
53.2,1,0.45114,-2.49450,-0.00206,0.38618,-0.00301,0.10855,0.04780
53.2,2,-0.71010,-2.49388,-0.02311,0.49697,0.05555,0.16124,0.05321
53.22,0,1.56975,-2.49663,-0.00115,0.51545,-0.00010,0.00000,
53.22,1,0.45908,-2.49452,-0.00210,0.40461,-0.00139,0.11068,0.01005
53.22,2,-0.70048,-2.49410,-0.02204,0.47186,0.04976,0.15955,0.06114
53.24,0,1.58004,-2.49664,-0.00116,0.50958,-0.00001,0.00000,
53.24,1,0.46769,-2.49454,-0.00210,0.43316,0.00104,0.11235,0.02034
53.24,2,-0.69025,-2.49433,-0.02112,0.55656,0.04268,0.15794,0.01261
53.26,0,1.59008,-2.49665,-0.00115,0.49677,0.00003,0.00000,
53.26,1,0.47674,-2.49456,-0.00208,0.50280,0.00069,0.11334,0.03038
53.26,2,-0.67938,-2.49456,-0.02029,0.51499,0.04173,0.15612,0.02165
53.28,0,1.59997,-2.49666,-0.00115,0.49493,0.00001,0.00000,
53.28,1,0.48722,-2.49459,-0.00207,0.52333,-0.00000,0.11275,0.04028
53.28,2,-0.66986,-2.49475,-0.01945,0.45264,0.04231,0.15708,0.03214
53.3,0,1.60991,-2.49667,-0.00115,0.49817,0.00000,0.00000,
53.3,1,0.49721,-2.49461,-0.00207,0.47873,0.00031,0.11270,0.05021
53.3,2,-0.66094,-2.49493,-0.01862,0.44666,0.04053,0.15815,0.04212
53.32,0,1.61989,-2.49668,-0.00115,0.49960,0.00000,0.00000,
53.32,1,0.50632,-2.49463,-0.00204,0.35685,0.00345,0.11358,0.00998
53.32,2,-0.65247,-2.49509,-0.01788,0.43016,0.03861,0.15878,0.05123
53.34,0,1.62988,-2.49670,-0.00115,0.49905,0.00001,0.00000,
53.34,1,0.51326,-2.49465,-0.00198,0.29371,0.00197,0.11662,0.01997
53.34,2,-0.64332,-2.49525,-0.01664,0.42907,0.08039,0.15658,0.01136
53.36,0,1.63985,-2.49671,-0.00115,0.49848,0.00001,0.00000,
53.36,1,0.51870,-2.49466,-0.00179,0.28519,0.01324,0.12115,0.02994
53.36,2,-0.63453,-2.49539,-0.01542,0.46341,0.04076,0.15323,0.01681
53.38,0,1.64982,-2.49672,-0.00115,0.49848,0.00000,0.00000,
53.38,1,0.52505,-2.49468,-0.00168,0.32497,0.00101,0.12477,0.03991
53.38,2,-0.62480,-2.49554,-0.01486,0.46976,0.02782,0.14986,0.02316
53.4,0,1.65979,-2.49673,-0.00115,0.49865,0.00000,0.00000,
53.4,1,0.53149,-2.49469,-0.00166,0.32056,0.00081,0.12830,0.04989
53.4,2,-0.61470,-2.49569,-0.01429,0.53902,0.02900,0.14619,0.02960
53.42,0,1.66977,-2.49674,-0.00115,0.49870,0.00000,0.00000,
53.42,1,0.54017,-2.49470,-0.00164,0.65023,0.00334,0.12960,0.00997
53.42,2,-0.60384,-2.49585,-0.01367,0.53477,0.03220,0.14401,0.03827
53.44,0,1.67974,-2.49675,-0.00115,0.49866,0.00000,0.00000,
53.44,1,0.55380,-2.49471,-0.00154,0.62845,0.00594,0.12594,0.01995
53.44,2,-0.59618,-2.49599,-0.01296,0.24799,0.03987,0.14998,0.01888
53.46,0,1.68964,-2.49676,-0.00115,0.46050,-0.00041,0.00000,
53.46,1,0.56637,-2.49472,-0.00142,0.62845,0.00596,0.12327,0.02984
53.46,2,-0.59375,-2.49613,-0.01243,0.05040,0.02136,0.16012,0.03145
53.48,0,1.69895,-2.49678,-0.00116,0.47104,0.00003,0.00000,
53.48,1,0.57841,-2.49473,-0.00136,0.57011,0.00002,0.12055,0.03916
53.48,2,-0.59368,-2.49623,-0.01177,-0.02627,0.03767,0.17208,0.04349
53.5,0,1.70846,-2.49679,-0.00116,0.47742,0.00011,0.00000,
53.5,1,0.58761,-2.49475,-0.00140,0.44336,-0.00138,0.12086,0.04867
53.5,2,-0.59449,-2.49634,-0.01162,-0.00655,-0.07528,0.18210,0.05269
53.52,0,1.71796,-2.49680,-0.00115,0.45676,0.00018,0.00000,
53.52,1,0.59815,-2.49476,-0.00141,0.63435,-0.00013,0.11981,0.00950
53.52,2,-0.59217,-2.49643,-0.01313,0.19293,-0.02792,0.19032,0.06324
53.54,0,1.72741,-2.49681,-0.00115,0.49820,-0.00007,0.00000,
53.54,1,0.60970,-2.49478,-0.00140,0.53686,0.00111,0.11771,0.01894
53.54,2,-0.58826,-2.49652,-0.01338,0.19305,-0.01235,0.19796,0.01748
53.56,0,1.73765,-2.49682,-0.00115,0.51564,-0.00007,0.00000,
53.56,1,0.62045,-2.49480,-0.00139,0.53740,-0.00031,0.11720,0.02918
53.56,2,-0.58445,-2.49661,-0.01363,0.16771,-0.01346,0.20490,0.02823
53.58,0,1.74783,-2.49683,-0.00115,0.50256,0.00002,0.00000,
53.58,1,0.62877,-2.49481,-0.00143,0.41077,-0.00191,0.11907,0.03937
53.58,2,-0.57644,-2.49669,-0.01709,0.52911,-0.41714,0.20521,0.03655
53.6,0,1.75776,-2.49684,-0.00115,0.49381,0.00002,0.00000,
53.6,1,0.63714,-2.49482,-0.00146,0.42883,-0.00090,0.12063,0.04930
53.6,2,-0.56708,-2.49679,-0.04080,0.45665,-1.30267,0.20422,0.04492
53.62,0,1.76765,-2.49686,-0.00115,0.49520,0.00000,0.00000,
53.62,1,0.64606,-2.49484,-0.00147,0.48535,-0.00132,0.12159,0.00988
53.62,2,-0.55749,-2.49734,-0.05222,0.60683,0.77847,0.20355,0.00468
53.64,0,1.77758,-2.49687,-0.00115,0.49815,0.00000,0.00000,
53.64,1,0.65613,-2.49485,-0.00150,0.50904,-0.00106,0.12146,0.01982
53.64,2,-0.54673,-2.49768,-0.02760,0.53528,1.30144,0.20286,0.01475
53.66,0,1.78756,-2.49688,-0.00115,0.49856,0.00001,0.00000,
53.66,1,0.66633,-2.49487,-0.00151,0.49397,-0.00021,0.12123,0.02979
53.66,2,-0.53551,-2.49816,-0.01225,0.57025,0.22007,0.20185,0.02496
53.68,0,1.79752,-2.49689,-0.00115,0.49781,0.00001,0.00000,
53.68,1,0.67647,-2.49488,-0.00152,0.51459,-0.00058,0.12105,0.03976
53.68,2,-0.52512,-2.49827,-0.01463,0.51075,-0.22575,0.20160,0.03510
53.7,0,1.80747,-2.49690,-0.00115,0.49748,0.00000,0.00000,
53.7,1,0.68673,-2.49490,-0.00153,0.50823,-0.00071,0.12074,0.04971
53.7,2,-0.51512,-2.49833,-0.01705,0.49332,-0.01290,0.20186,0.04536
53.72,0,1.81742,-2.49691,-0.00115,0.49761,0.00000,0.00000,
53.72,1,0.69672,-2.49491,-0.00154,0.49241,-0.00060,0.12070,0.05966
53.72,2,-0.50534,-2.49845,-0.01575,0.48652,0.09316,0.20206,0.05535
53.74,0,1.82738,-2.49692,-0.00115,0.49774,0.00000,0.00000,
53.74,1,0.71042,-2.49493,-0.00154,0.76128,0.00058,0.11696,0.01990
53.74,2,-0.49500,-2.49859,-0.01423,0.61349,0.06463,0.20543,0.01865
53.76,0,1.83733,-2.49694,-0.00115,0.49774,0.00000,0.00000,
53.76,1,0.72410,-2.49493,-0.00159,0.64125,-0.01665,0.11324,0.02986
53.76,2,-0.48186,-2.49877,-0.01322,0.63158,0.04072,0.20596,0.03233
53.78,0,1.84728,-2.49695,-0.00115,0.49770,0.00000,0.00000,
53.78,1,0.73568,-2.49494,-0.00202,0.44840,-0.01916,0.11161,0.03981
53.78,2,-0.46979,-2.49894,-0.01244,0.61495,0.03298,0.20548,0.04391
53.8,0,1.85724,-2.49696,-0.00115,0.49769,0.00000,0.00000,
53.8,1,0.74348,-2.49497,-0.00250,0.38716,-0.02438,0.11376,0.04977
53.8,2,-0.45751,-2.49910,-0.01183,0.60745,0.03055,0.20100,0.05171
53.82,0,1.86719,-2.49697,-0.00115,0.49770,0.00000,0.00000,
53.82,1,0.75145,-2.49500,-0.00282,0.41689,-0.00481,0.11575,0.05972
53.82,2,-0.44595,-2.49924,-0.01120,0.46972,0.02935,0.19740,0.00407
53.84,0,1.87715,-2.49698,-0.00115,0.49771,0.00000,0.00000,
53.84,1,0.76301,-2.49503,-0.00271,0.61643,0.00881,0.11414,0.01991
53.84,2,-0.43949,-2.49938,-0.01070,0.30334,0.02405,0.20250,0.01563
53.86,0,1.88710,-2.49699,-0.00115,0.49771,0.00000,0.00000,
53.86,1,0.77533,-2.49506,-0.00254,0.61643,0.00880,0.11177,0.02986
53.86,2,-0.43462,-2.49953,-0.01039,0.20032,-0.01170,0.20996,0.02796
53.88,0,1.89698,-2.49700,-0.00115,0.45973,-0.00040,0.00000,
53.88,1,0.78690,-2.49509,-0.00236,0.54211,0.00755,0.11008,0.03974
53.88,2,-0.42901,-2.49966,-0.01139,0.36522,-0.03515,0.21592,0.03953
53.9,0,1.90628,-2.49702,-0.00116,0.47024,0.00002,0.00000,
53.9,1,0.79660,-2.49512,-0.00233,0.39265,-0.00265,0.10968,0.04904
53.9,2,-0.42173,-2.49975,-0.01121,0.37828,0.02464,0.21834,0.04923
53.92,0,1.91577,-2.49703,-0.00115,0.47657,0.00011,0.00000,
53.92,1,0.80466,-2.49514,-0.00238,0.40655,-0.00184,0.11111,0.00949
53.92,2,-0.41416,-2.49986,-0.01075,0.37950,0.01163,0.21883,0.05729
53.94,0,1.92519,-2.49704,-0.00115,0.44245,0.00032,0.00000,
53.94,1,0.81320,-2.49516,-0.00237,0.42712,0.00193,0.11199,0.01891
53.94,2,-0.40645,-2.50000,-0.01047,0.35198,0.02674,0.21966,0.01258
53.96,0,1.93474,-2.49705,-0.00115,0.50182,-0.00009,0.00000,
53.96,1,0.82214,-2.49519,-0.00232,0.49828,0.00180,0.11260,0.02846
53.96,2,-0.39911,-2.50008,-0.00976,0.44075,0.04254,0.22126,0.02152
53.98,0,1.94499,-2.49706,-0.00115,0.51436,-0.00006,0.00000,
53.98,1,0.83255,-2.49521,-0.00230,0.51968,0.00091,0.11244,0.03871
53.98,2,-0.38945,-2.50017,-0.00896,0.46266,0.03861,0.22202,0.03193
54.0,0,1.95513,-2.49707,-0.00115,0.50045,0.00003,0.00000,
54.0,1,0.84246,-2.49523,-0.00228,0.47490,0.00120,0.11267,0.04885
54.0,2,-0.37901,-2.50024,-0.00733,0.54484,0.16893,0.22148,0.04184
54.02,0,1.96504,-2.49708,-0.00115,0.49290,0.00002,0.00000,
54.02,1,0.85166,-2.49526,-0.00225,0.45288,0.00133,0.11338,0.05876
54.02,2,-0.36819,-2.50032,-0.00450,0.53101,0.08125,0.21986,0.05104
54.04,0,1.97491,-2.49709,-0.00115,0.49487,0.00000,0.00000,
54.04,1,0.86009,-2.49528,-0.00219,0.35614,0.00486,0.11482,0.01978
54.04,2,-0.35758,-2.50039,-0.00411,0.55079,-0.00507,0.21769,0.01298
54.06,0,1.98484,-2.49711,-0.00115,0.49763,0.00000,0.00000,
54.06,1,0.86523,-2.49530,-0.00213,0.17801,0.00121,0.11962,0.02971
54.06,2,-0.34757,-2.50044,-0.00410,0.49830,0.01052,0.21281,0.01812
54.08,0,1.99480,-2.49712,-0.00115,0.49781,0.00001,0.00000,
54.08,1,0.86919,-2.49529,-0.00132,0.25210,0.08459,0.12561,0.03967
54.08,2,-0.33681,-2.50048,-0.00372,0.56971,0.02244,0.20601,0.02208
54.1,0,2.00475,-2.49713,-0.00115,0.49706,0.00001,0.00000,
54.1,1,0.87569,-2.49531,-0.00012,0.35748,0.02794,0.12906,0.04961
54.1,2,-0.32511,-2.50053,-0.00331,0.58710,0.01799,0.20080,0.02858
54.12,0,2.01469,-2.49714,-0.00115,0.49679,0.00000,0.00000,
54.12,1,0.88339,-2.49533,0.00033,0.38497,0.02230,0.13130,0.05955
54.12,2,-0.31389,-2.50056,-0.00299,0.48287,0.01436,0.19728,0.00385
54.14,0,2.02462,-2.49715,-0.00115,0.49694,0.00000,0.00000,
54.14,1,0.89272,-2.49520,0.01381,0.55239,0.94884,0.13190,0.01987
54.14,2,-0.30752,-2.50060,-0.00291,0.25745,-0.01060,0.20025,0.01319
54.16,0,2.03456,-2.49716,-0.00115,0.49706,0.00000,0.00000,
54.16,1,0.90413,-2.49519,0.02034,0.59023,-0.10521,0.13043,0.02981
54.16,2,-0.30257,-2.50059,-0.00262,0.23804,0.06011,0.20672,0.02459
54.18,0,2.04450,-2.49718,-0.00115,0.49705,0.00000,0.00000,
54.18,1,0.91579,-2.49504,0.01530,0.56559,-0.24174,0.12872,0.03976
54.18,2,-0.29615,-2.50060,-0.00148,0.34332,0.03680,0.21195,0.03625
54.2,0,2.05444,-2.49719,-0.00115,0.49701,0.00000,0.00000,
54.2,1,0.92591,-2.49487,0.01285,0.41775,-0.05640,0.12854,0.04970
54.2,2,-0.28880,-2.50062,-0.00302,0.37114,-0.10425,0.21472,0.04638
54.22,0,2.06438,-2.49720,-0.00115,0.49701,0.00000,0.00000,
54.22,1,0.93489,-2.49477,0.01506,0.47859,0.18669,0.12950,0.00994
54.22,2,-0.28104,-2.50041,-0.00193,0.39223,0.15442,0.21594,0.05536
54.24,0,2.07433,-2.49721,-0.00115,0.49701,0.00000,0.00000,
54.24,1,0.94453,-2.49478,0.01516,0.44995,-0.10059,0.12980,0.01988
54.24,2,-0.27160,-2.50040,0.00026,0.55712,0.04596,0.21614,0.01436
54.26,0,2.08427,-2.49722,-0.00115,0.49702,0.00000,0.00000,
54.26,1,0.95452,-2.49466,0.01341,0.55628,-0.05483,0.12974,0.02982
54.26,2,-0.26185,-2.50045,-0.00021,0.46858,-0.03960,0.21638,0.02436
54.28,0,2.09421,-2.49723,-0.00115,0.49702,0.00000,0.00000,
54.28,1,0.96601,-2.49448,0.01288,0.56957,-0.01661,0.12820,0.03976
54.28,2,-0.25189,-2.50049,-0.00053,0.52651,0.00582,0.21791,0.03584
54.3,0,2.10415,-2.49724,-0.00115,0.49702,0.00000,0.00000,
54.3,1,0.97685,-2.49432,0.01242,0.52044,-0.02997,0.12730,0.04970
54.3,2,-0.24096,-2.50051,-0.00015,0.55291,0.02219,0.21783,0.04669
54.32,0,2.11409,-2.49726,-0.00115,0.49702,0.00000,0.00000,
54.32,1,0.98623,-2.49420,0.01192,0.56964,-0.02812,0.12786,0.00994
54.32,2,-0.22969,-2.50051,0.00019,0.66742,0.01420,0.21593,0.00479
54.34,0,2.12403,-2.49727,-0.00115,0.49702,0.00000,0.00000,
54.34,1,0.99841,-2.49408,0.01131,0.55887,-0.03417,0.12562,0.01988
54.34,2,-0.21496,-2.50051,0.00047,0.70419,0.01386,0.21339,0.01697
54.36,0,2.13397,-2.49728,-0.00115,0.49702,0.00000,0.00000,
54.36,1,1.00930,-2.49396,0.01065,0.58158,-0.02730,0.12467,0.02982
54.36,2,-0.20088,-2.50051,0.00075,0.70158,0.01343,0.21021,0.02787
54.38,0,2.14391,-2.49729,-0.00115,0.49702,0.00000,0.00000,
54.38,1,1.02026,-2.49384,0.01022,0.51044,-0.02065,0.12365,0.03976
54.38,2,-0.18788,-2.50051,0.00095,0.61358,0.00847,0.20816,0.03883
54.4,0,2.15370,-2.49730,-0.00115,0.45979,-0.00037,0.00000,
54.4,1,1.03039,-2.49374,0.00968,0.50155,-0.03071,0.12331,0.04955
54.4,2,-0.17810,-2.50050,0.00113,0.48647,0.00838,0.20851,0.04895
54.42,0,2.16301,-2.49731,-0.00116,0.47070,0.00005,0.00000,
54.42,1,1.03977,-2.49364,0.00911,0.48506,-0.02751,0.12324,0.00931
54.42,2,-0.16804,-2.50049,0.00130,0.51291,0.00878,0.20782,0.05833
54.44,0,2.17250,-2.49732,-0.00115,0.47604,0.00010,0.00000,
54.44,1,1.05088,-2.49353,0.00860,0.56835,-0.02415,0.12162,0.01880
54.44,2,-0.15757,-2.50047,0.00148,0.53238,0.01005,0.20848,0.01575
54.46,0,2.18181,-2.49733,-0.00115,0.45545,0.00021,0.00000,
54.46,1,1.06106,-2.49344,0.00807,0.50221,-0.02520,0.12076,0.02811
54.46,2,-0.14926,-2.50046,0.00173,0.40478,0.01252,0.21034,0.02593
54.48,0,2.19157,-2.49735,-0.00115,0.50801,-0.00011,0.00000,
54.48,1,1.07111,-2.49336,0.00760,0.49927,-0.02284,0.12047,0.03787
54.48,2,-0.14033,-2.50041,0.00275,0.49777,0.04945,0.21146,0.03598
54.5,0,2.20184,-2.49736,-0.00115,0.51173,-0.00004,0.00000,
54.5,1,1.08086,-2.49328,0.00715,0.44464,-0.02061,0.12099,0.04814
54.5,2,-0.12944,-2.50040,0.00322,0.56594,0.00452,0.21031,0.04572
54.52,0,2.21191,-2.49737,-0.00115,0.49735,0.00003,0.00000,
54.52,1,1.08945,-2.49321,0.00656,0.41555,-0.03327,0.12247,0.01007
54.52,2,-0.11856,-2.50038,0.00317,0.54393,-0.00237,0.20803,0.00416
54.54,0,2.22178,-2.49738,-0.00115,0.49226,0.00002,0.00000,
54.54,1,1.09810,-2.49315,0.00600,0.46129,-0.02203,0.12369,0.01994
54.54,2,-0.10615,-2.50034,0.00324,0.62496,0.00718,0.20427,0.01281
54.56,0,2.23165,-2.49739,-0.00115,0.49506,-0.00000,0.00000,
54.56,1,1.10762,-2.49310,0.00562,0.48384,-0.01890,0.12404,0.02982
54.56,2,-0.09400,-2.50030,0.00341,0.58165,0.00754,0.20165,0.02233
54.58,0,2.24158,-2.49740,-0.00115,0.49732,0.00000,0.00000,
54.58,1,1.11832,-2.49304,0.00526,0.55718,-0.01845,0.12328,0.03975
54.58,2,-0.08298,-2.50026,0.00353,0.53288,0.00493,0.20132,0.03303
54.6,0,2.25153,-2.49741,-0.00115,0.49713,0.00001,0.00000,
54.6,1,1.12924,-2.49298,0.00487,0.52925,-0.01951,0.12230,0.04969
54.6,2,-0.07333,-2.50023,0.00365,0.42263,0.00759,0.20259,0.04395
54.62,0,2.26147,-2.49743,-0.00115,0.49641,0.00000,0.00000,
54.62,1,1.13939,-2.49293,0.00449,0.49404,-0.01878,0.12208,0.05963
54.62,2,-0.06403,-2.50019,0.00376,0.54436,0.00448,0.20345,0.00499
54.64,0,2.27139,-2.49744,-0.00115,0.49627,0.00000,0.00000,
54.64,1,1.15188,-2.49288,0.00410,0.66131,-0.02100,0.11952,0.01986
54.64,2,-0.05361,-2.50015,0.00383,0.48493,0.00191,0.20551,0.01748
54.66,0,2.28132,-2.49745,-0.00115,0.49644,0.00000,0.00000,
54.66,1,1.16504,-2.49282,0.00311,0.62973,-0.06963,0.11629,0.02979
54.66,2,-0.04353,-2.50011,0.00387,0.54217,0.00328,0.20859,0.03064
54.68,0,2.29125,-2.49746,-0.00115,0.49653,0.00000,0.00000,
54.68,1,1.17642,-2.49279,0.00218,0.52608,-0.02113,0.11483,0.03972
54.68,2,-0.03162,-2.50007,0.00396,0.62639,0.00501,0.20806,0.04202
54.7,0,2.30118,-2.49747,-0.00115,0.49651,0.00000,0.00000,
54.7,1,1.18503,-2.49277,0.00201,0.37948,-0.00747,0.11615,0.04965
54.7,2,-0.01908,-2.50002,0.00406,0.61619,0.00472,0.20414,0.05063
54.72,0,2.31111,-2.49748,-0.00115,0.49647,0.00000,0.00000,
54.72,1,1.19276,-2.49276,0.00185,0.40215,-0.00934,0.11836,0.05958
54.72,2,-0.00719,-2.49997,0.00415,0.57919,0.00423,0.19996,0.05835
54.74,0,2.32104,-2.49749,-0.00115,0.49647,0.00000,0.00000,
54.74,1,1.20428,-2.49274,0.00164,0.57219,-0.01250,0.11677,0.01986
54.74,2,0.00210,-2.49993,0.00425,0.31814,0.00390,0.20220,0.01545
54.76,0,2.33097,-2.49751,-0.00115,0.49648,0.00000,0.00000,
54.76,1,1.21573,-2.49272,0.00139,0.57219,-0.01249,0.11525,0.02979
54.76,2,0.00762,-2.49988,0.00437,0.18930,0.00931,0.20813,0.02689
54.78,0,2.34090,-2.49752,-0.00115,0.49648,0.00000,0.00000,
54.78,1,1.22686,-2.49271,0.00115,0.54254,-0.01061,0.11405,0.03972
54.78,2,0.01126,-2.49983,0.00455,0.21792,0.00790,0.21562,0.03803
54.8,0,2.35083,-2.49753,-0.00115,0.49648,0.00000,0.00000,
54.8,1,1.23658,-2.49269,0.00095,0.43410,-0.00981,0.11425,0.04965
54.8,2,0.01739,-2.49979,0.00463,0.33709,-0.00018,0.21921,0.04775
54.82,0,2.36076,-2.49754,-0.00115,0.49648,0.00000,0.00000,
54.82,1,1.24896,-2.49268,0.00075,0.65225,-0.01041,0.11181,0.00993
54.82,2,0.02491,-2.49975,0.00461,0.38227,-0.00072,0.22407,0.00680
54.84,0,2.37069,-2.49755,-0.00115,0.49648,0.00000,0.00000,
54.84,1,1.26068,-2.49268,0.00053,0.57963,-0.01091,0.11002,0.01986
54.84,2,0.03495,-2.49971,0.00377,0.63766,-0.19986,0.22575,0.01852
54.86,0,2.38062,-2.49756,-0.00115,0.49648,0.00000,0.00000,
54.86,1,1.27220,-2.49267,0.00032,0.56595,-0.00938,0.10842,0.02979
54.86,2,0.04771,-2.49964,-0.00011,0.64167,-0.15005,0.22451,0.03004
54.88,0,2.39055,-2.49757,-0.00115,0.49648,0.00000,0.00000,
54.88,1,1.28275,-2.49266,0.00014,0.44185,-0.00871,0.10781,0.03972
54.88,2,0.06028,-2.49944,0.00489,0.68705,0.45306,0.22249,0.04059
54.9,0,2.40047,-2.49759,-0.00115,0.49648,0.00000,0.00000,
54.9,1,1.29117,-2.49266,-0.00002,0.43671,-0.00883,0.10932,0.04965
54.9,2,0.07565,-2.49940,0.01025,0.81881,0.07566,0.21553,0.04901
54.92,0,2.41040,-2.49760,-0.00115,0.49648,0.00000,0.00000,
54.92,1,1.30059,-2.49266,-0.00021,0.58337,-0.00901,0.10983,0.00993
54.92,2,0.09229,-2.49932,0.00925,0.82740,-0.09152,0.20832,0.05843
54.94,0,2.42033,-2.49761,-0.00115,0.49648,0.00000,0.00000,
54.94,1,1.31270,-2.49266,-0.00038,0.59655,-0.00820,0.10764,0.01986
54.94,2,0.10818,-2.49922,0.00813,0.79126,-0.01307,0.20454,0.01706
54.96,0,2.43026,-2.49762,-0.00115,0.49648,0.00000,0.00000,
54.96,1,1.32463,-2.49266,-0.00054,0.59655,-0.00819,0.10564,0.02979
54.96,2,0.12496,-2.49914,0.00888,0.81995,0.03037,0.19969,0.02900
54.98,0,2.44019,-2.49763,-0.00115,0.49648,0.00000,0.00000,
54.98,1,1.33577,-2.49267,-0.00069,0.55413,-0.00698,0.10443,0.03972
54.98,2,0.13922,-2.49902,0.00793,0.62136,-0.07528,0.19657,0.04013
55.0,0,2.45012,-2.49764,-0.00115,0.49648,0.00000,0.00000,
55.0,1,1.34402,-2.49268,-0.00086,0.39965,-0.00867,0.10611,0.04965
55.0,2,0.14866,-2.49890,0.00703,0.37583,-0.02004,0.19538,0.04839
55.02,0,2.46005,-2.49765,-0.00115,0.49648,0.00000,0.00000,
55.02,1,1.35250,-2.49268,-0.00102,0.43777,-0.00768,0.10756,0.05958
55.02,2,0.15619,-2.49881,0.00657,0.38025,-0.03841,0.19633,0.05686
55.04,0,2.46969,-2.49767,-0.00115,0.46109,-0.00027,0.00000,
55.04,1,1.36174,-2.49269,-0.00114,0.47959,-0.00568,0.10796,0.01957
55.04,2,0.16561,-2.49876,0.00574,0.60696,-0.02842,0.19614,0.01357
55.06,0,2.47904,-2.49768,-0.00115,0.47209,0.00009,0.00000,
55.06,1,1.37134,-2.49270,-0.00126,0.48311,-0.00546,0.10770,0.02891
55.06,2,0.17744,-2.49869,0.00590,0.60520,0.04809,0.19392,0.02317
55.08,0,2.48853,-2.49769,-0.00115,0.47552,0.00007,0.00000,
55.08,1,1.38107,-2.49271,-0.00137,0.46341,-0.00672,0.10747,0.03841
55.08,2,0.18945,-2.49869,0.00709,0.58798,0.07118,0.19163,0.03290
55.1,0,2.49780,-2.49770,-0.00115,0.47524,0.00006,0.00000,
55.1,1,1.39052,-2.49273,-0.00151,0.47654,-0.00679,0.10729,0.04767
55.1,2,0.20055,-2.49864,0.00778,0.52909,0.00064,0.18999,0.04235
55.12,0,2.50781,-2.49771,-0.00115,0.51325,-0.00012,0.00000,
55.12,1,1.40102,-2.49274,-0.00163,0.62142,-0.00488,0.10680,0.01001
55.12,2,0.21029,-2.49855,0.00753,0.49541,-0.00216,0.19075,0.00574
55.14,0,2.51805,-2.49772,-0.00115,0.50692,-0.00001,0.00000,
55.14,1,1.41303,-2.49276,-0.00172,0.57668,-0.00508,0.10502,0.02025
55.14,2,0.21940,-2.49846,0.00626,0.45870,-0.09319,0.19365,0.01776
55.16,0,2.52803,-2.49773,-0.00115,0.49401,0.00003,0.00000,
55.16,1,1.42409,-2.49278,-0.00184,0.52817,-0.00650,0.10395,0.03023
55.16,2,0.22935,-2.49842,0.00517,0.53026,-0.01512,0.19475,0.02882
55.18,0,2.53787,-2.49774,-0.00115,0.49228,0.00001,0.00000,
55.18,1,1.43346,-2.49280,-0.00198,0.35813,-0.00836,0.10443,0.04008
55.18,2,0.23989,-2.49836,0.00535,0.54615,0.01617,0.19358,0.03818
55.2,0,2.54776,-2.49776,-0.00115,0.49557,-0.00000,0.00000,
55.2,1,1.44080,-2.49284,-0.00227,0.37726,-0.02620,0.10697,0.04996
55.2,2,0.25150,-2.49830,0.00553,0.59086,0.00163,0.18931,0.04552
55.22,0,2.55769,-2.49777,-0.00115,0.49699,0.00000,0.00000,
55.22,1,1.44878,-2.49286,-0.00249,0.33541,0.03240,0.10892,0.00993
55.22,2,0.26296,-2.49824,0.00546,0.53943,-0.00635,0.18583,0.00407
55.24,0,2.56762,-2.49778,-0.00115,0.49642,0.00000,0.00000,
55.24,1,1.45455,-2.49291,-0.00557,0.29366,-0.25917,0.11308,0.01987
55.24,2,0.27245,-2.49819,0.00530,0.45593,-0.00590,0.18211,0.00984
55.26,0,2.57754,-2.49779,-0.00115,0.49585,0.00000,0.00000,
55.26,1,1.46146,-2.49306,-0.01030,0.42323,-0.13058,0.11609,0.02979
55.26,2,0.27984,-2.49814,0.00532,0.36450,0.00162,0.18163,0.01675
55.28,0,2.58746,-2.49780,-0.00115,0.49586,0.00000,0.00000,
55.28,1,1.47133,-2.49317,-0.01029,0.52847,0.06410,0.11614,0.03970
55.28,2,0.28769,-2.49810,0.00532,0.42341,-0.00126,0.18365,0.02662
55.3,0,2.59738,-2.49781,-0.00115,0.49603,0.00000,0.00000,
55.3,1,1.48219,-2.49328,-0.00916,0.52524,0.03677,0.11520,0.04962
55.3,2,0.29607,-2.49805,0.00525,0.46574,-0.00316,0.18613,0.03748
55.32,0,2.60730,-2.49782,-0.00115,0.49607,0.00000,0.00000,
55.32,1,1.49247,-2.49338,-0.00892,0.50289,-0.00053,0.11484,0.05954
55.32,2,0.30698,-2.49799,0.00518,0.64261,-0.01112,0.18550,0.00508
55.34,0,2.61722,-2.49784,-0.00115,0.49603,0.00000,0.00000,
55.34,1,1.50559,-2.49348,-0.00885,0.76176,0.00914,0.11164,0.01984
55.34,2,0.31935,-2.49793,0.00477,0.60334,-0.02252,0.18625,0.01820
55.36,0,2.62714,-2.49785,-0.00115,0.49601,0.00000,0.00000,
55.36,1,1.51946,-2.49358,-0.00884,0.65133,0.00114,0.10769,0.02976
55.36,2,0.33152,-2.49787,0.00452,0.61299,-0.00333,0.18795,0.03207
55.38,0,2.63706,-2.49786,-0.00115,0.49602,0.00000,0.00000,
55.38,1,1.53131,-2.49369,-0.00868,0.50616,0.00982,0.10576,0.03968
55.38,2,0.34351,-2.49781,0.00457,0.52238,0.00680,0.18781,0.04392
55.4,0,2.64698,-2.49787,-0.00115,0.49602,0.00000,0.00000,
55.4,1,1.53861,-2.49379,-0.00886,0.33771,-0.01384,0.10838,0.04960
55.4,2,0.35413,-2.49775,0.00461,0.54049,-0.00128,0.18449,0.05122
55.42,0,2.65690,-2.49788,-0.00115,0.49602,0.00000,0.00000,
55.42,1,1.54617,-2.49389,-0.00909,0.52952,-0.00471,0.11074,0.00992
55.42,2,0.36506,-2.49770,0.00455,0.54786,-0.00335,0.18111,0.05879
55.44,0,2.66682,-2.49789,-0.00115,0.49602,0.00000,0.00000,
55.44,1,1.55774,-2.49399,-0.00882,0.55834,0.02173,0.10909,0.01984
55.44,2,0.37686,-2.49765,0.00435,0.64371,-0.01401,0.18089,0.01576
55.46,0,2.67674,-2.49790,-0.00115,0.49602,0.00000,0.00000,
55.46,1,1.56891,-2.49410,-0.00838,0.55834,0.02175,0.10784,0.02976
55.46,2,0.38839,-2.49760,0.00402,0.57025,-0.01727,0.18052,0.02692
55.48,0,2.68666,-2.49792,-0.00115,0.49602,0.00000,0.00000,
55.48,1,1.57867,-2.49420,-0.00809,0.35386,0.00104,0.10800,0.03968
55.48,2,0.39920,-2.49755,0.00381,0.50522,-0.00451,0.17947,0.03668
55.5,0,2.69658,-2.49793,-0.00115,0.49602,0.00000,0.00000,
55.5,1,1.58565,-2.49429,-0.00800,0.33257,0.01057,0.11094,0.04960
55.5,2,0.40687,-2.49750,0.00384,0.32992,0.00202,0.17879,0.04367
55.52,0,2.70650,-2.49794,-0.00115,0.49602,0.00000,0.00000,
55.52,1,1.59285,-2.49438,-0.00778,0.36825,0.01075,0.11366,0.00992
55.52,2,0.41395,-2.49744,0.00465,0.36907,0.08876,0.17890,0.05087
55.54,0,2.71643,-2.49795,-0.00115,0.49602,0.00000,0.00000,
55.54,1,1.60073,-2.49445,-0.00759,0.43727,0.00861,0.11570,0.01984
55.54,2,0.42115,-2.49740,0.00741,0.28716,0.36270,0.17959,0.01157
55.56,0,2.72635,-2.49796,-0.00115,0.49602,0.00000,0.00000,
55.56,1,1.61041,-2.49453,-0.00742,0.49702,0.00960,0.11594,0.02976
55.56,2,0.42684,-2.49720,0.01844,0.30568,0.76334,0.18357,0.02125
55.58,0,2.73627,-2.49797,-0.00115,0.49602,0.00000,0.00000,
55.58,1,1.62066,-2.49461,-0.00723,0.52960,0.00861,0.11561,0.03968
55.58,2,0.43398,-2.49693,0.02836,0.42588,0.14907,0.18668,0.03149
55.6,0,2.74619,-2.49798,-0.00115,0.49602,0.00000,0.00000,
55.6,1,1.63110,-2.49469,-0.00706,0.50919,0.00831,0.11509,0.04960
55.6,2,0.44337,-2.49673,0.02591,0.48683,-0.22099,0.18773,0.04193
55.62,0,2.75611,-2.49800,-0.00115,0.49602,0.00000,0.00000,
55.62,1,1.64168,-2.49476,-0.00688,0.65555,0.01105,0.11443,0.00992
55.62,2,0.45335,-2.49651,0.02287,0.49402,-0.07930,0.18833,0.05251
55.64,0,2.76603,-2.49801,-0.00115,0.49602,0.00000,0.00000,
55.64,1,1.65576,-2.49483,-0.00657,0.66287,0.01918,0.11027,0.01984
55.64,2,0.46358,-2.49630,0.02220,0.62929,-0.04906,0.19218,0.01968
55.66,0,2.77595,-2.49802,-0.00115,0.49602,0.00000,0.00000,
55.66,1,1.66887,-2.49491,-0.00622,0.63183,0.01299,0.10709,0.02976
55.66,2,0.47681,-2.49607,0.02097,0.63164,-0.05641,0.19205,0.03278
55.68,0,2.78587,-2.49803,-0.00115,0.49602,0.00000,0.00000,
55.68,1,1.67989,-2.49497,-0.00611,0.42241,-0.00150,0.10598,0.03968
55.68,2,0.48939,-2.49583,0.01990,0.62138,-0.04611,0.19050,0.04380
55.7,0,2.79579,-2.49804,-0.00115,0.49602,0.00000,0.00000,
55.7,1,1.68793,-2.49503,-0.00611,0.40951,0.00188,0.10786,0.04960
55.7,2,0.50131,-2.49559,0.01917,0.53675,-0.02481,0.18662,0.05184
55.72,0,2.80571,-2.49805,-0.00115,0.49602,0.00000,0.00000,
55.72,1,1.69759,-2.49509,-0.00600,0.64812,0.00883,0.10812,0.00992
55.72,2,0.51076,-2.49537,0.01874,0.48523,-0.03321,0.18684,0.06151
55.74,0,2.81563,-2.49806,-0.00115,0.49602,0.00000,0.00000,
55.74,1,1.70950,-2.49514,-0.00572,0.54818,0.01702,0.10613,0.01984
55.74,2,0.52080,-2.49518,0.01784,0.50975,-0.05032,0.18870,0.01739
55.76,0,2.82555,-2.49808,-0.00115,0.49602,0.00000,0.00000,
55.76,1,1.72046,-2.49520,-0.00538,0.54597,0.01398,0.10510,0.02976
55.76,2,0.53050,-2.49499,0.01683,0.50620,-0.04320,0.18996,0.02835
55.78,0,2.83547,-2.49809,-0.00115,0.49602,0.00000,0.00000,
55.78,1,1.73003,-2.49525,-0.00528,0.42223,0.00089,0.10545,0.03968
55.78,2,0.54146,-2.49480,0.01618,0.56490,-0.02805,0.18857,0.03792
55.8,0,2.84539,-2.49810,-0.00115,0.49602,0.00000,0.00000,
55.8,1,1.73880,-2.49530,-0.00521,0.45092,0.00513,0.10659,0.04960
55.8,2,0.55250,-2.49462,0.01558,0.53463,-0.03202,0.18631,0.04669
55.82,0,2.85531,-2.49811,-0.00115,0.49602,0.00000,0.00000,
55.82,1,1.74770,-2.49535,-0.00508,0.43488,0.00761,0.10761,0.05952
55.82,2,0.56214,-2.49446,0.01502,0.43582,-0.02329,0.18557,0.05560
55.84,0,2.86474,-2.49812,-0.00115,0.46409,-0.00013,0.00000,
55.84,1,1.75933,-2.49539,-0.00489,0.63841,0.01142,0.10542,0.01935
55.84,2,0.57128,-2.49432,0.01438,0.43734,-0.05173,0.18805,0.01598
55.86,0,2.87414,-2.49813,-0.00115,0.47372,0.00012,0.00000,
55.86,1,1.77210,-2.49544,-0.00467,0.63841,0.01139,0.10205,0.02875
55.86,2,0.57933,-2.49420,0.01311,0.41158,-0.08235,0.19277,0.02875
55.88,0,2.88364,-2.49814,-0.00115,0.47462,0.00004,0.00000,
55.88,1,1.78396,-2.49546,-0.00462,0.58062,-0.00533,0.09968,0.03825
55.88,2,0.58854,-2.49409,0.01171,0.50139,-0.04617,0.19542,0.04061
55.9,0,2.89296,-2.49815,-0.00115,0.49198,-0.00005,0.00000,
55.9,1,1.79284,-2.49551,-0.00485,0.40308,-0.01098,0.10013,0.04757
55.9,2,0.59862,-2.49396,0.01112,0.53495,-0.01944,0.19422,0.04949
55.92,0,2.90314,-2.49817,-0.00115,0.51421,-0.00009,0.00000,
55.92,1,1.80161,-2.49548,-0.00956,0.45892,-0.14156,0.10153,0.01017
55.92,2,0.60985,-2.49382,0.01076,0.56527,-0.02032,0.19176,0.05826
55.94,0,2.91331,-2.49818,-0.00115,0.50197,0.00001,0.00000,
55.94,1,1.81055,-2.49543,-0.00917,0.47759,0.08615,0.10276,0.02034
55.94,2,0.62172,-2.49371,0.01025,0.70404,-0.03172,0.18883,0.01346
55.96,0,2.92322,-2.49819,-0.00115,0.49204,0.00003,0.00000,
55.96,1,1.82101,-2.49553,-0.00784,0.53906,0.03845,0.10221,0.03025
55.96,2,0.63581,-2.49357,0.00893,0.70303,-0.09677,0.18521,0.02392
55.98,0,2.93305,-2.49820,-0.00115,0.49286,0.00000,0.00000,
55.98,1,1.83145,-2.49564,-0.00759,0.50138,0.00036,0.10161,0.04009
55.98,2,0.64887,-2.49343,0.00708,0.59894,-0.06039,0.18258,0.03435
56.0,0,2.94295,-2.49821,-0.00115,0.49600,-0.00000,0.00000,
56.0,1,1.84105,-2.49573,-0.00755,0.46868,0.00638,0.10190,0.04999
56.0,2,0.65958,-2.49335,0.00668,0.43875,0.00114,0.18147,0.04396
56.02,0,2.95288,-2.49822,-0.00115,0.49662,0.00000,0.00000,
56.02,1,1.85380,-2.49580,-0.00727,0.74350,0.01786,0.09909,0.00993
56.02,2,0.66694,-2.49328,0.00673,0.36267,0.00221,0.18686,0.05671
56.04,0,2.96280,-2.49823,-0.00115,0.49588,0.00000,0.00000,
56.04,1,1.86719,-2.49588,-0.00681,0.63411,0.02515,0.09561,0.01986
56.04,2,0.67557,-2.49321,0.00681,0.47658,0.01378,0.19162,0.02069
56.06,0,2.97272,-2.49825,-0.00115,0.49549,0.00000,0.00000,
56.06,1,1.87934,-2.49594,-0.00647,0.53202,0.00825,0.09338,0.02977
56.06,2,0.68398,-2.49314,0.00712,0.41954,0.02194,0.19536,0.03284
56.08,0,2.98263,-2.49826,-0.00115,0.49560,0.00000,0.00000,
56.08,1,1.88741,-2.49601,-0.00655,0.38567,-0.01000,0.09522,0.03968
56.08,2,0.69349,-2.49307,0.00733,0.56932,-0.00772,0.19392,0.04091
56.1,0,2.99254,-2.49827,-0.00115,0.49575,0.00000,0.00000,
56.1,1,1.89530,-2.49608,-0.00664,0.40893,0.00354,0.09724,0.04959
56.1,2,0.70701,-2.49298,0.00684,0.71343,-0.03286,0.18829,0.04880
56.12,0,3.00246,-2.49828,-0.00115,0.49575,0.00000,0.00000,
56.12,1,1.90484,-2.49614,-0.00638,0.61298,0.01867,0.09762,0.00992
56.12,2,0.72244,-2.49287,0.00625,0.78170,-0.02756,0.18240,0.05834
56.14,0,3.01237,-2.49829,-0.00115,0.49571,0.00000,0.00000,
56.14,1,1.91656,-2.49619,-0.00597,0.56464,0.02148,0.09581,0.01983
56.14,2,0.73522,-2.49277,0.00561,0.53100,-0.03578,0.18135,0.01718
56.16,0,3.02229,-2.49830,-0.00115,0.49570,0.00000,0.00000,
56.16,1,1.92732,-2.49625,-0.00554,0.52460,0.01771,0.09497,0.02974
56.16,2,0.74299,-2.49271,0.00512,0.25463,-0.01633,0.18434,0.02794
56.18,0,3.03220,-2.49831,-0.00115,0.49571,0.00000,0.00000,
56.18,1,1.93705,-2.49630,-0.00539,0.38193,-0.00193,0.09515,0.03966
56.18,2,0.74775,-2.49265,0.00481,0.23819,-0.01554,0.18930,0.03767
56.2,0,3.04211,-2.49833,-0.00115,0.49572,0.00000,0.00000,
56.2,1,1.94517,-2.49635,-0.00535,0.42734,0.00629,0.09695,0.04957
56.2,2,0.75223,-2.49259,0.00453,0.21996,-0.01173,0.19295,0.04579
56.22,0,3.05203,-2.49834,-0.00115,0.49571,0.00000,0.00000,
56.22,1,1.95461,-2.49640,-0.00516,0.57272,0.01249,0.09742,0.00991
56.22,2,0.75797,-2.49255,0.00420,0.39007,-0.02129,0.19664,0.00507
56.24,0,3.06194,-2.49835,-0.00115,0.49571,0.00000,0.00000,
56.24,1,1.96568,-2.49645,-0.00486,0.55083,0.01541,0.09626,0.01983
56.24,2,0.76716,-2.49251,0.00375,0.45946,-0.02260,0.19853,0.01615
56.26,0,3.07186,-2.49836,-0.00115,0.49571,0.00000,0.00000,
56.26,1,1.97658,-2.49649,-0.00456,0.51496,0.01384,0.09527,0.02974
56.26,2,0.77635,-2.49247,0.00330,0.45946,-0.02256,0.20024,0.02705
56.28,0,3.08177,-2.49837,-0.00115,0.49571,0.00000,0.00000,
56.28,1,1.98655,-2.49654,-0.00442,0.41954,-0.00054,0.09522,0.03966
56.28,2,0.78464,-2.49243,0.00283,0.38707,-0.02183,0.20192,0.03702
56.3,0,3.09168,-2.49838,-0.00115,0.49571,0.00000,0.00000,
56.3,1,1.99482,-2.49658,-0.00440,0.43163,0.00439,0.09686,0.04957
56.3,2,0.79354,-2.49241,0.00255,0.45884,-0.00920,0.20130,0.04529
56.32,0,3.10160,-2.49839,-0.00115,0.49571,0.00000,0.00000,
56.32,1,2.00580,-2.49662,-0.00423,0.53872,0.01298,0.09580,0.00991
56.32,2,0.80382,-2.49239,0.00235,0.53621,-0.01153,0.20198,0.05626
56.34,0,3.11151,-2.49841,-0.00115,0.49571,0.00000,0.00000,
56.34,1,2.01657,-2.49666,-0.00397,0.53872,0.01299,0.09494,0.01983
56.34,2,0.81421,-2.49236,0.00209,0.65381,-0.01467,0.20237,0.01664
56.36,0,3.12143,-2.49842,-0.00115,0.49571,0.00000,0.00000,
56.36,1,2.02700,-2.49669,-0.00374,0.51581,0.00735,0.09443,0.02974
56.36,2,0.82801,-2.49234,0.00175,0.63480,-0.01793,0.19899,0.02706
56.38,0,3.13134,-2.49843,-0.00115,0.49571,0.00000,0.00000,
56.38,1,2.03584,-2.49673,-0.00371,0.41601,0.00067,0.09551,0.03966
56.38,2,0.84094,-2.49229,0.00188,0.67771,0.03592,0.19491,0.03590
56.4,0,3.14126,-2.49844,-0.00115,0.49571,0.00000,0.00000,
56.4,1,2.04460,-2.49677,-0.00364,0.44912,0.00529,0.09665,0.04957
56.4,2,0.85549,-2.49227,0.00236,0.74357,0.00684,0.18912,0.04467
56.42,0,3.15117,-2.49845,-0.00115,0.49571,0.00000,0.00000,
56.42,1,2.05530,-2.49680,-0.00348,0.54991,0.00853,0.09587,0.00991
56.42,2,0.86963,-2.49226,0.00216,0.64097,-0.01790,0.18569,0.05537
56.44,0,3.16108,-2.49846,-0.00115,0.49571,0.00000,0.00000,
56.44,1,2.06574,-2.49683,-0.00330,0.50766,0.00954,0.09535,0.01983
56.44,2,0.88208,-2.49224,0.00180,0.61442,-0.01581,0.18367,0.01594
56.46,0,3.17100,-2.49847,-0.00115,0.49571,0.00000,0.00000,
56.46,1,2.07597,-2.49686,-0.00318,0.51338,0.00320,0.09503,0.02974
56.46,2,0.89389,-2.49223,0.00156,0.57950,-0.01010,0.18209,0.02616
56.48,0,3.18091,-2.49849,-0.00115,0.49571,0.00000,0.00000,
56.48,1,2.08553,-2.49690,-0.00315,0.40402,0.00012,0.09538,0.03966
56.48,2,0.90569,-2.49221,0.00135,0.59536,-0.01086,0.17985,0.03573
56.5,0,3.19083,-2.49850,-0.00115,0.49571,0.00000,0.00000,
56.5,1,2.09393,-2.49693,-0.00310,0.43400,0.00430,0.09690,0.04957
56.5,2,0.91752,-2.49219,0.00112,0.58546,-0.01138,0.17642,0.04413
56.52,0,3.20074,-2.49851,-0.00115,0.49571,0.00000,0.00000,
56.52,1,2.10382,-2.49696,-0.00300,0.60991,0.00629,0.09692,0.00991
56.52,2,0.92820,-2.49218,0.00090,0.43355,-0.01116,0.17563,0.00549
56.54,0,3.21066,-2.49852,-0.00115,0.49571,0.00000,0.00000,
56.54,1,2.11470,-2.49699,-0.00283,0.53832,0.00832,0.09596,0.01983
56.54,2,0.93473,-2.49217,0.00069,0.22850,-0.00950,0.17998,0.01637
56.56,0,3.22057,-2.49853,-0.00115,0.49571,0.00000,0.00000,
56.56,1,2.12544,-2.49702,-0.00268,0.53299,0.00597,0.09513,0.02974
56.56,2,0.93821,-2.49216,0.00050,0.16549,-0.00909,0.18725,0.02711
56.58,0,3.23048,-2.49854,-0.00115,0.49571,0.00000,0.00000,
56.58,1,2.13514,-2.49704,-0.00263,0.40223,-0.00032,0.09535,0.03966
56.58,2,0.94161,-2.49210,0.00120,0.20975,0.08660,0.19353,0.03681
56.6,0,3.24040,-2.49855,-0.00115,0.49571,0.00000,0.00000,
56.6,1,2.14346,-2.49706,-0.00261,0.42933,0.00250,0.09694,0.04957
56.6,2,0.94758,-2.49209,0.00238,0.35265,0.01713,0.19589,0.04513
56.62,0,3.25031,-2.49856,-0.00115,0.49571,0.00000,0.00000,
56.62,1,2.15363,-2.49709,-0.00252,0.59059,0.00539,0.09668,0.00991
56.62,2,0.95492,-2.49208,-0.00101,0.36709,-0.17028,0.19872,0.05530
56.64,0,3.26023,-2.49858,-0.00115,0.49571,0.00000,0.00000,
56.64,1,2.16530,-2.49711,-0.00241,0.54268,0.00648,0.09493,0.01983
56.64,2,0.96212,-2.49207,-0.00073,0.29114,0.65853,0.20319,0.01735
56.66,0,3.27014,-2.49859,-0.00115,0.49571,0.00000,0.00000,
56.66,1,2.17578,-2.49713,-0.00228,0.52437,0.00506,0.09436,0.02974
56.66,2,0.96925,-2.49211,0.00989,0.45021,0.27243,0.20655,0.02784
56.68,0,3.28006,-2.49860,-0.00115,0.49571,0.00000,0.00000,
56.68,1,2.18546,-2.49715,-0.00225,0.38019,-0.00163,0.09459,0.03966
56.68,2,0.98015,-2.49208,0.01032,0.62128,-0.08316,0.20533,0.03752
56.7,0,3.28997,-2.49861,-0.00115,0.49571,0.00000,0.00000,
56.7,1,2.19353,-2.49717,-0.00225,0.42348,0.00163,0.09645,0.04957
56.7,2,0.99242,-2.49184,0.01025,0.60692,0.01658,0.20111,0.04558
56.72,0,3.29988,-2.49862,-0.00115,0.49571,0.00000,0.00000,
56.72,1,2.20359,-2.49719,-0.00218,0.54709,0.00523,0.09630,0.00991
56.72,2,1.00512,-2.49168,0.01010,0.69893,-0.03059,0.19848,0.00560
56.74,0,3.30980,-2.49863,-0.00115,0.49571,0.00000,0.00000,
56.74,1,2.21453,-2.49721,-0.00208,0.54709,0.00523,0.09527,0.01983
56.74,2,1.02207,-2.49156,0.00820,0.85962,-0.21418,0.19247,0.01654
56.76,0,3.31971,-2.49864,-0.00115,0.49571,0.00000,0.00000,
56.76,1,2.22509,-2.49723,-0.00198,0.50521,0.00394,0.09463,0.02974
56.76,2,1.03693,-2.49143,0.00365,0.66420,-0.15383,0.18817,0.02710
56.78,0,3.32963,-2.49866,-0.00115,0.49571,0.00000,0.00000,
56.78,1,2.23448,-2.49725,-0.00196,0.41371,-0.00127,0.09515,0.03966
56.78,2,1.04875,-2.49137,0.00282,0.46628,0.00309,0.18574,0.03649
56.8,0,3.33954,-2.49867,-0.00115,0.49571,0.00000,0.00000,
56.8,1,2.24323,-2.49727,-0.00196,0.45029,0.00148,0.09632,0.04957
56.8,2,1.05747,-2.49131,0.00289,0.43561,0.00351,0.18577,0.04524
56.82,0,3.34938,-2.49868,-0.00115,0.45807,-0.00040,0.00000,
56.82,1,2.25251,-2.49729,-0.00191,0.55087,0.00344,0.09687,0.00984
56.82,2,1.06665,-2.49127,0.00283,0.49149,-0.01127,0.18587,0.05452
56.84,0,3.35865,-2.49869,-0.00115,0.46851,0.00003,0.00000,
56.84,1,2.26352,-2.49730,-0.00184,0.55087,0.00343,0.09512,0.01911
56.84,2,1.07731,-2.49124,0.00249,0.53783,-0.01906,0.18623,0.01579
56.86,0,3.36810,-2.49870,-0.00115,0.47476,0.00010,0.00000,
56.86,1,2.27422,-2.49732,-0.00178,0.51116,0.00189,0.09389,0.02856
56.86,2,1.08806,-2.49121,0.00211,0.57502,-0.01713,0.18618,0.02648
56.88,0,3.37737,-2.49871,-0.00115,0.46162,0.00017,0.00000,
56.88,1,2.28444,-2.49734,-0.00177,0.47273,-0.00054,0.09293,0.03783
56.88,2,1.09979,-2.49118,0.00181,0.58183,-0.01419,0.18466,0.03670
56.9,0,3.38721,-2.49872,-0.00115,0.50963,-0.00012,0.00000,
56.9,1,2.29280,-2.49735,-0.00178,0.42770,0.00066,0.09442,0.04767
56.9,2,1.11098,-2.49116,0.00152,0.54120,-0.01432,0.18183,0.04506
56.92,0,3.39746,-2.49873,-0.00115,0.50929,-0.00003,0.00000,
56.92,1,2.30326,-2.49737,-0.00175,0.64675,0.00215,0.09420,0.01025
56.92,2,1.12027,-2.49114,0.00127,0.46929,-0.01310,0.18301,0.05552
56.94,0,3.40748,-2.49875,-0.00115,0.49512,0.00003,0.00000,
56.94,1,2.31438,-2.49738,-0.00168,0.54254,0.00388,0.09311,0.02027
56.94,2,1.13271,-2.49113,0.00101,0.64406,-0.01313,0.18169,0.01722
56.96,0,3.41732,-2.49876,-0.00115,0.49127,0.00001,0.00000,
56.96,1,2.32516,-2.49740,-0.00161,0.53117,0.00169,0.09217,0.03011
56.96,2,1.14399,-2.49112,0.00074,0.55517,-0.01274,0.18118,0.02800
56.98,0,3.42718,-2.49877,-0.00115,0.49435,-0.00000,0.00000,
56.98,1,2.33549,-2.49742,-0.00161,0.50603,-0.00006,0.09169,0.03997
56.98,2,1.15469,-2.49111,0.00050,0.44021,-0.01148,0.18082,0.03834
57.0,0,3.43709,-2.49878,-0.00115,0.49633,0.00000,0.00000,
57.0,1,2.34432,-2.49743,-0.00161,0.43930,0.00027,0.09278,0.04988
57.0,2,1.16302,-2.49110,0.00027,0.41943,-0.01122,0.18132,0.04716
57.02,0,3.44702,-2.49879,-0.00115,0.49598,0.00000,0.00000,
57.02,1,2.35368,-2.49745,-0.00159,0.55858,0.00145,0.09334,0.00992
57.02,2,1.17181,-2.49110,0.00005,0.45689,-0.01081,0.18188,0.05652
57.04,0,3.45693,-2.49880,-0.00115,0.49530,0.00000,0.00000,
57.04,1,2.36633,-2.49746,-0.00155,0.57487,0.00276,0.09060,0.01984
57.04,2,1.18067,-2.49110,-0.00018,0.41108,-0.01282,0.18567,0.01753
57.06,0,3.46683,-2.49881,-0.00115,0.49522,0.00000,0.00000,
57.06,1,2.37749,-2.49748,-0.00150,0.55525,0.00241,0.08934,0.02974
57.06,2,1.18829,-2.49110,-0.00044,0.39589,-0.01188,0.18922,0.02869
57.08,0,3.47674,-2.49883,-0.00115,0.49539,0.00000,0.00000,
57.08,1,2.38665,-2.49750,-0.00149,0.39350,-0.00039,0.09010,0.03965
57.08,2,1.19617,-2.49110,-0.00067,0.44366,-0.01090,0.19049,0.03785
57.1,0,3.48665,-2.49884,-0.00115,0.49547,0.00000,0.00000,
57.1,1,2.39494,-2.49751,-0.00148,0.43095,0.00077,0.09171,0.04956
57.1,2,1.20576,-2.49111,-0.00086,0.45150,-0.00916,0.18920,0.04615
57.12,0,3.49656,-2.49885,-0.00115,0.49544,0.00000,0.00000,
57.12,1,2.40440,-2.49752,-0.00146,0.53884,0.00185,0.09216,0.00991
57.12,2,1.21442,-2.49112,-0.00104,0.44062,-0.00852,0.18999,0.05560
57.14,0,3.50647,-2.49886,-0.00115,0.49541,0.00000,0.00000,
57.14,1,2.41504,-2.49754,-0.00142,0.49606,0.00241,0.09143,0.01982
57.14,2,1.22473,-2.49113,-0.00120,0.65976,-0.00711,0.19032,0.01573
57.16,0,3.51638,-2.49887,-0.00115,0.49541,0.00000,0.00000,
57.16,1,2.42501,-2.49755,-0.00138,0.50265,0.00076,0.09136,0.02973
57.16,2,1.23959,-2.49114,-0.00135,0.72606,-0.00791,0.18544,0.02571
57.18,0,3.52628,-2.49888,-0.00115,0.49542,0.00000,0.00000,
57.18,1,2.43502,-2.49756,-0.00138,0.46229,-0.00077,0.09126,0.03963
57.18,2,1.25187,-2.49116,-0.00152,0.54674,-0.00872,0.18317,0.03572
57.2,0,3.53619,-2.49889,-0.00115,0.49542,0.00000,0.00000,
57.2,1,2.44322,-2.49758,-0.00140,0.41999,0.00009,0.09298,0.04954
57.2,2,1.26229,-2.49117,-0.00169,0.51480,-0.00823,0.18094,0.04391
57.22,0,3.54610,-2.49891,-0.00115,0.49542,0.00000,0.00000,
57.22,1,2.45186,-2.49759,-0.00139,0.43703,0.00088,0.09424,0.00991
57.22,2,1.27030,-2.49119,-0.00189,0.38598,-0.01031,0.18157,0.05255
57.24,0,3.55601,-2.49892,-0.00115,0.49541,0.00000,0.00000,
57.24,1,2.46284,-2.49760,-0.00135,0.54751,0.00224,0.09316,0.01982
57.24,2,1.27981,-2.49121,-0.00206,0.63842,-0.00614,0.18305,0.01535
57.26,0,3.56592,-2.49893,-0.00115,0.49541,0.00000,0.00000,
57.26,1,2.47380,-2.49761,-0.00130,0.54751,0.00223,0.09212,0.02972
57.26,2,1.29153,-2.49122,-0.00214,0.57582,-0.00387,0.18228,0.02630
57.28,0,3.57583,-2.49894,-0.00115,0.49542,0.00000,0.00000,
57.28,1,2.48430,-2.49763,-0.00128,0.50561,0.00016,0.09152,0.03963
57.28,2,1.30304,-2.49124,-0.00222,0.57297,-0.00392,0.18128,0.03680
57.3,0,3.58573,-2.49895,-0.00115,0.49542,0.00000,0.00000,
57.3,1,2.49301,-2.49764,-0.00130,0.39957,-0.00103,0.09273,0.04954
57.3,2,1.31407,-2.49126,-0.00232,0.53120,-0.00617,0.17895,0.04551
57.32,0,3.59564,-2.49896,-0.00115,0.49542,0.00000,0.00000,
57.32,1,2.50418,-2.49765,-0.00008,0.61043,0.15157,0.09146,0.00991
57.32,2,1.32361,-2.49129,-0.00246,0.52691,-0.00668,0.18059,0.00634
57.34,0,3.60555,-2.49897,-0.00115,0.49542,0.00000,0.00000,
57.34,1,2.51510,-2.49766,0.00296,0.53977,0.15400,0.09045,0.01982
57.34,2,1.33436,-2.49131,-0.00258,0.52515,-0.00593,0.18075,0.01726
57.36,0,3.61546,-2.49899,-0.00115,0.49542,0.00000,0.00000,
57.36,1,2.52568,-2.49798,0.00587,0.51441,0.11503,0.08978,0.02972
57.36,2,1.34436,-2.49133,-0.00268,0.49861,-0.00395,0.18133,0.02784
57.38,0,3.62537,-2.49900,-0.00115,0.49542,0.00000,0.00000,
57.38,1,2.53524,-2.49800,0.00661,0.41832,-0.00597,0.09013,0.03963
57.38,2,1.35671,-2.49137,-0.00278,0.69001,-0.00552,0.17855,0.03740
57.4,0,3.63527,-2.49901,-0.00115,0.49542,0.00000,0.00000,
57.4,1,2.54393,-2.49787,0.00592,0.44591,-0.04317,0.09134,0.04954
57.4,2,1.37075,-2.49140,-0.00290,0.68773,-0.00600,0.17320,0.04609
57.42,0,3.64518,-2.49902,-0.00115,0.49542,0.00000,0.00000,
57.42,1,2.55596,-2.49772,0.00774,0.59156,0.19916,0.08922,0.00991
57.42,2,1.38373,-2.49144,-0.00302,0.62000,-0.00572,0.17225,0.05812
57.44,0,3.65509,-2.49903,-0.00115,0.49542,0.00000,0.00000,
57.44,1,2.56714,-2.49763,0.01096,0.55759,0.15946,0.08795,0.01982
57.44,2,1.39530,-2.49148,-0.00309,0.52238,-0.00266,0.17186,0.01758
57.46,0,3.66500,-2.49904,-0.00115,0.49542,0.00000,0.00000,
57.46,1,2.57813,-2.49791,0.01383,0.49654,0.10761,0.08687,0.02972
57.46,2,1.40462,-2.49151,-0.00319,0.40909,-0.00693,0.17353,0.02857
57.48,0,3.67491,-2.49905,-0.00115,0.49542,0.00000,0.00000,
57.48,1,2.58611,-2.49784,0.01585,0.39494,0.10473,0.08880,0.03963
57.48,2,1.41327,-2.49155,-0.00331,0.49030,-0.00540,0.17286,0.03654
57.5,0,3.68482,-2.49906,-0.00115,0.49542,0.00000,0.00000,
57.5,1,2.59409,-2.49756,0.01643,0.37678,-0.03805,0.09072,0.04954
57.5,2,1.42395,-2.49159,-0.00338,0.57183,-0.00274,0.17016,0.04453
57.52,0,3.69472,-2.49908,-0.00115,0.49542,0.00000,0.00000,
57.52,1,2.60526,-2.49732,0.01665,0.60926,0.11002,0.08946,0.00991
57.52,2,1.43521,-2.49162,-0.00343,0.53459,-0.00143,0.17007,0.05570
57.54,0,3.70463,-2.49909,-0.00115,0.49542,0.00000,0.00000,
57.54,1,2.61734,-2.49711,0.01894,0.58357,0.12447,0.08729,0.01982
57.54,2,1.44773,-2.49166,-0.00346,0.68885,0.00151,0.16963,0.01851
57.56,0,3.71454,-2.49910,-0.00115,0.49542,0.00000,0.00000,
57.56,1,2.62859,-2.49729,0.02087,0.55457,0.06977,0.08596,0.02972
57.56,2,1.46189,-2.49171,-0.00340,0.70240,0.00119,0.16671,0.02975
57.58,0,3.72445,-2.49911,-0.00115,0.49542,0.00000,0.00000,
57.58,1,2.63820,-2.49717,0.02116,0.38146,0.00752,0.08625,0.03963
57.58,2,1.47532,-2.49176,-0.00345,0.64728,-0.00450,0.16289,0.03937
57.6,0,3.73436,-2.49912,-0.00115,0.49542,0.00000,0.00000,
57.6,1,2.64613,-2.49689,0.02138,0.40909,0.02994,0.08823,0.04954
57.6,2,1.48739,-2.49180,-0.00356,0.58174,-0.00498,0.15876,0.04730
57.62,0,3.74427,-2.49913,-0.00115,0.49542,0.00000,0.00000,
57.62,1,2.65452,-2.49663,0.02122,0.40849,-0.04621,0.08975,0.05945
57.62,2,1.49925,-2.49184,-0.00363,0.60168,-0.00240,0.15528,0.05569
57.64,0,3.75417,-2.49914,-0.00115,0.49542,0.00000,0.00000,
57.64,1,2.66532,-2.49643,0.01692,0.58352,-0.31249,0.08886,0.01982
57.64,2,1.51132,-2.49189,-0.00361,0.66482,0.00746,0.15401,0.01502
57.66,0,3.76408,-2.49916,-0.00115,0.49542,0.00000,0.00000,
57.66,1,2.67631,-2.49607,0.01195,0.54699,-0.19186,0.08778,0.02972
57.66,2,1.52462,-2.49193,-0.00346,0.66482,0.00748,0.15169,0.02601
57.68,0,3.77399,-2.49917,-0.00115,0.49542,0.00000,0.00000,
57.68,1,2.68686,-2.49577,0.00979,0.51997,-0.03033,0.08714,0.03963
57.68,2,1.53670,-2.49198,-0.00332,0.55618,0.00377,0.15017,0.03657
57.7,0,3.78390,-2.49918,-0.00115,0.49542,0.00000,0.00000,
57.7,1,2.69592,-2.49570,0.00994,0.39866,0.01097,0.08798,0.04954
57.7,2,1.54644,-2.49202,-0.00340,0.38330,-0.00777,0.14949,0.04563
57.72,0,3.79381,-2.49919,-0.00115,0.49542,0.00000,0.00000,
57.72,1,2.70613,-2.49566,0.00565,0.57583,-0.47615,0.08769,0.00991
57.72,2,1.55432,-2.49207,-0.00354,0.47007,-0.00730,0.15181,0.00575
57.74,0,3.80372,-2.49920,-0.00115,0.49542,0.00000,0.00000,
57.74,1,2.71648,-2.49543,-0.00357,0.48349,-0.26782,0.08725,0.01982
57.74,2,1.56671,-2.49212,-0.00346,0.59927,-0.06248,0.14977,0.01610
57.76,0,3.81362,-2.49921,-0.00115,0.49542,0.00000,0.00000,
57.76,1,2.72668,-2.49538,-0.00357,0.52415,0.13430,0.08695,0.02972
57.76,2,1.57805,-2.49217,-0.00467,0.56569,-0.06192,0.14863,0.02631
57.78,0,3.82353,-2.49922,-0.00115,0.49542,0.00000,0.00000,
57.78,1,2.73622,-2.49547,-0.00115,0.40938,0.07904,0.08732,0.03963
57.78,2,1.58833,-2.49208,-0.00533,0.42880,-0.02923,0.14789,0.03584
57.8,0,3.83344,-2.49924,-0.00115,0.49542,0.00000,0.00000,
57.8,1,2.74462,-2.49552,-0.00089,0.42990,-0.02597,0.08882,0.04954
57.8,2,1.59786,-2.49212,-0.00559,0.50997,-0.00154,0.14676,0.04424
57.82,0,3.84335,-2.49925,-0.00115,0.49542,0.00000,0.00000,
57.82,1,2.75330,-2.49554,-0.00149,0.43357,-0.02204,0.09005,0.05945
57.82,2,1.60715,-2.49222,-0.00463,0.43626,0.22254,0.14616,0.00435
57.84,0,3.85326,-2.49926,-0.00115,0.49542,0.00000,0.00000,
57.84,1,2.76410,-2.49555,-0.00166,0.58348,-0.00434,0.08917,0.01982
57.84,2,1.61618,-2.49207,0.00087,0.47366,0.23672,0.14792,0.01514
57.86,0,3.86317,-2.49927,-0.00115,0.49542,0.00000,0.00000,
57.86,1,2.77528,-2.49556,-0.00174,0.53875,-0.00344,0.08789,0.02972
57.86,2,1.62472,-2.49199,0.00260,0.44045,-0.02169,0.15057,0.02632
57.88,0,3.87307,-2.49928,-0.00115,0.49542,0.00000,0.00000,
57.88,1,2.78584,-2.49561,-0.00246,0.52902,-0.03706,0.08724,0.03963
57.88,2,1.63391,-2.49196,0.00133,0.44503,-0.06430,0.15193,0.03688
57.9,0,3.88298,-2.49929,-0.00115,0.49542,0.00000,0.00000,
57.9,1,2.79442,-2.49563,-0.00288,0.38884,-0.00774,0.08857,0.04954
57.9,2,1.64271,-2.49194,0.00056,0.48544,-0.01622,0.15172,0.04546
57.92,0,3.89289,-2.49930,-0.00115,0.49542,0.00000,0.00000,
57.92,1,2.80334,-2.49565,-0.00283,0.59397,0.00756,0.08955,0.00991
57.92,2,1.65309,-2.49194,0.00053,0.55984,0.00354,0.15026,0.00491
57.94,0,3.90280,-2.49931,-0.00115,0.49542,0.00000,0.00000,
57.94,1,2.81390,-2.49567,-0.00264,0.46216,0.01112,0.08891,0.01982
57.94,2,1.66591,-2.49194,0.00049,0.61982,-0.00699,0.14799,0.01547
57.96,0,3.91271,-2.49933,-0.00115,0.49542,0.00000,0.00000,
57.96,1,2.82327,-2.49573,-0.00268,0.48314,-0.01668,0.08944,0.02972
57.96,2,1.67708,-2.49194,0.00030,0.53411,-0.00963,0.14620,0.02484
57.98,0,3.92262,-2.49934,-0.00115,0.49542,0.00000,0.00000,
57.98,1,2.83160,-2.49575,-0.00298,0.39721,-0.00735,0.09102,0.03963
57.98,2,1.68592,-2.49194,0.00013,0.34204,-0.00793,0.14569,0.03317
58.0,0,3.93252,-2.49935,-0.00115,0.49542,0.00000,0.00000,
58.0,1,2.84009,-2.49575,-0.00290,0.43798,0.00632,0.09244,0.04954
58.0,2,1.69279,-2.49193,-0.00002,0.35025,-0.00731,0.14731,0.04166
58.02,0,3.94243,-2.49936,-0.00115,0.49542,0.00000,0.00000,
58.02,1,2.84829,-2.49576,-0.00286,0.43904,-0.00249,0.09415,0.05945
58.02,2,1.70034,-2.49193,-0.00015,0.38252,-0.00604,0.14795,0.04986
58.04,0,3.95234,-2.49937,-0.00115,0.49542,0.00000,0.00000,
58.04,1,2.86058,-2.49579,-0.00292,0.66258,-0.00184,0.09177,0.01982
58.04,2,1.70902,-2.49193,-0.00028,0.56490,-0.00624,0.15156,0.01641
58.06,0,3.96225,-2.49938,-0.00115,0.49542,0.00000,0.00000,
58.06,1,2.87287,-2.49581,-0.00293,0.60777,-0.00049,0.08938,0.02972
58.06,2,1.72070,-2.49194,-0.00040,0.58155,-0.00619,0.15218,0.02871
58.08,0,3.97187,-2.49939,-0.00115,0.46020,-0.00027,0.00000,
58.08,1,2.88422,-2.49584,-0.00295,0.53009,-0.00092,0.08765,0.03934
58.08,2,1.73152,-2.49194,-0.00052,0.51182,-0.00572,0.15271,0.04006
58.1,0,3.98119,-2.49941,-0.00115,0.47114,0.00010,0.00000,
58.1,1,2.89237,-2.49587,-0.00301,0.38535,-0.00250,0.08883,0.04867
58.1,2,1.74087,-2.49194,-0.00064,0.38469,-0.00626,0.15151,0.04821
58.12,0,3.99067,-2.49942,-0.00115,0.47455,0.00008,0.00000,
58.12,1,2.90074,-2.49582,-0.00516,0.43247,-0.01651,0.08994,0.00948
58.12,2,1.74732,-2.49195,-0.00076,0.32013,-0.00627,0.15343,0.05657
58.14,0,3.99993,-2.49943,-0.00115,0.48072,0.00002,0.00000,
58.14,1,2.90940,-2.49582,-0.00423,0.40323,0.06263,0.09054,0.01874
58.14,2,1.75379,-2.49195,-0.00089,0.26214,-0.00660,0.15562,0.01293
58.16,0,4.01000,-2.49944,-0.00115,0.51343,-0.00011,0.00000,
58.16,1,2.91841,-2.49586,-0.00361,0.49148,0.00370,0.09160,0.02880
58.16,2,1.75959,-2.49196,-0.00101,0.34820,-0.00529,0.15882,0.02194
58.18,0,4.02020,-2.49945,-0.00115,0.50454,-0.00000,0.00000,
58.18,1,2.92841,-2.49590,-0.00381,0.49312,-0.01267,0.09180,0.03901
58.18,2,1.76705,-2.49197,-0.00110,0.39738,-0.00451,0.16136,0.03194
58.2,0,4.03014,-2.49946,-0.00115,0.49247,0.00003,0.00000,
58.2,1,2.93783,-2.49593,-0.00392,0.45425,0.00045,0.09232,0.04895
58.2,2,1.77554,-2.49198,-0.00119,0.45036,-0.00444,0.16229,0.04136
58.22,0,4.03997,-2.49947,-0.00115,0.49172,0.00001,0.00000,
58.22,1,2.94607,-2.49597,-0.00380,0.33289,0.00946,0.09390,0.00983
58.22,2,1.78498,-2.49199,-0.00127,0.47476,-0.00450,0.16110,0.00355
58.24,0,4.04984,-2.49948,-0.00115,0.49505,-0.00000,0.00000,
58.24,1,2.95099,-2.49600,-0.00367,0.18502,0.00419,0.09886,0.01970
58.24,2,1.79369,-2.49200,-0.00136,0.44458,-0.00444,0.15730,0.00847
58.26,0,4.05976,-2.49950,-0.00115,0.49618,0.00000,0.00000,
58.26,1,2.95417,-2.49602,-0.00328,0.12317,0.07635,0.10560,0.02962
58.26,2,1.80357,-2.49201,-0.00145,0.53016,-0.00420,0.15061,0.01165
58.28,0,4.06968,-2.49951,-0.00115,0.49553,0.00001,0.00000,
58.28,1,2.95873,-2.49603,-0.00149,0.27515,0.06158,0.11096,0.03953
58.28,2,1.81447,-2.49203,-0.00153,0.54444,-0.00406,0.14427,0.01621
58.3,0,4.07958,-2.49952,-0.00115,0.49501,0.00000,0.00000,
58.3,1,2.96445,-2.49606,-0.00069,0.28225,0.03758,0.11514,0.04944
58.3,2,1.82502,-2.49204,-0.00161,0.51251,-0.00401,0.13944,0.02193
58.32,0,4.08948,-2.49953,-0.00115,0.49506,0.00000,0.00000,
58.32,1,2.97011,-2.49604,0.00025,0.28865,0.10369,0.11937,0.00990
58.32,2,1.83503,-2.49206,-0.00169,0.49420,-0.00391,0.13509,0.02760
58.34,0,4.09938,-2.49954,-0.00115,0.49523,0.00000,0.00000,
58.34,1,2.97725,-2.49592,0.00304,0.42433,0.10161,0.12214,0.01980
58.34,2,1.84462,-2.49208,-0.00177,0.51472,-0.00378,0.13263,0.00998
58.36,0,4.10929,-2.49955,-0.00115,0.49526,0.00000,0.00000,
58.36,1,2.98734,-2.49590,0.00347,0.53432,-0.02588,0.12196,0.02971
58.36,2,1.85415,-2.49209,-0.00184,0.42944,-0.00364,0.13319,0.02006
58.38,0,4.11919,-2.49956,-0.00115,0.49522,0.00000,0.00000,
58.38,1,2.99855,-2.49589,0.00279,0.56009,-0.02981,0.12065,0.03961
58.38,2,1.86060,-2.49211,-0.00193,0.25589,-0.00456,0.13796,0.03128
58.4,0,4.12910,-2.49958,-0.00115,0.49520,0.00000,0.00000,
58.4,1,3.00919,-2.49588,0.00245,0.50807,-0.00842,0.11991,0.04952
58.4,2,1.86623,-2.49212,-0.00200,0.30191,-0.00268,0.14297,0.04192
58.42,0,4.13900,-2.49959,-0.00115,0.49521,0.00000,0.00000,
58.42,1,3.01975,-2.49586,0.00231,0.65768,-0.00733,0.11926,0.00990
58.42,2,1.87266,-2.49213,-0.00204,0.39427,-0.00119,0.14709,0.00559
58.44,0,4.14891,-2.49960,-0.00115,0.49521,0.00000,0.00000,
58.44,1,3.03459,-2.49584,0.00213,0.71795,-0.00998,0.11433,0.01981
58.44,2,1.88220,-2.49215,-0.00207,0.47665,-0.00106,0.15240,0.02043
58.46,0,4.15881,-2.49961,-0.00115,0.49521,0.00000,0.00000,
58.46,1,3.04739,-2.49581,0.00191,0.62633,-0.01111,0.11143,0.02971
58.46,2,1.89063,-2.49216,-0.00206,0.40553,0.00029,0.15676,0.03323
58.48,0,4.16872,-2.49962,-0.00115,0.49521,0.00000,0.00000,
58.48,1,3.05683,-2.49579,0.00174,0.37434,-0.00682,0.11189,0.03962
58.48,2,1.89928,-2.49217,-0.00207,0.47649,-0.00165,0.15756,0.04267
58.5,0,4.17862,-2.49963,-0.00115,0.49521,0.00000,0.00000,
58.5,1,3.06431,-2.49576,0.00160,0.37434,-0.00682,0.11431,0.04952
58.5,2,1.90983,-2.49219,-0.00213,0.55393,-0.00348,0.15449,0.05016
58.52,0,4.18852,-2.49964,-0.00115,0.49521,0.00000,0.00000,
58.52,1,3.07366,-2.49571,0.01712,0.48770,0.96237,0.11487,0.00990
58.52,2,1.92082,-2.49221,-0.00220,0.53655,-0.00292,0.15285,0.05950
58.54,0,4.19843,-2.49965,-0.00115,0.49521,0.00000,0.00000,
58.54,1,3.08487,-2.49569,0.02584,0.59938,0.00977,0.11356,0.01981
58.54,2,1.93368,-2.49224,-0.00221,0.80795,0.00200,0.15119,0.01619
58.56,0,4.20470,-2.49987,0.00683,0.21132,0.52605,0.00000,
58.56,1,3.09651,-2.49549,0.02159,0.55590,-0.26134,0.10819,0.02608
58.56,2,1.94886,-2.49226,-0.00215,0.71223,0.00406,0.14766,0.02783
58.58,0,4.20718,-2.50038,0.01597,0.08021,0.41171,0.00000,
58.58,1,3.10699,-2.49524,0.01846,0.50423,-0.06590,0.10021,0.02857
58.58,2,1.96293,-2.49228,-0.00208,0.67610,0.00193,0.14406,0.03830
58.6,0,4.20828,-2.50107,0.02357,0.04801,0.37831,0.00000,
58.6,1,3.11536,-2.49503,0.01804,0.41415,-0.01913,0.09294,0.02969
58.6,2,1.97464,-2.49231,-0.00210,0.44767,-0.00448,0.14072,0.04668
58.62,0,4.20951,-2.50133,0.03004,0.08109,0.36213,0.00000,
58.62,1,3.12208,-2.49486,0.01741,0.26205,-0.03448,0.08745,0.00126
58.62,2,1.98317,-2.49233,0.00512,0.45843,1.20959,0.13892,0.00262
58.64,0,4.20950,-2.50110,0.06465,-0.00542,2.33404,0.00000,
58.64,1,3.12620,-2.49473,0.01680,0.12107,-0.02922,0.08332,0.00122
58.64,2,1.99228,-2.49236,0.01365,0.40620,-0.91507,0.13392,0.00674
58.66,0,4.21063,-2.50050,0.11530,0.08666,2.32994,0.00000,
58.66,1,3.12800,-2.49468,0.01595,0.08510,-0.05054,0.08264,0.00242
58.66,2,1.99853,-2.49235,0.00460,0.32006,-0.09982,0.12948,0.00854
58.68,0,4.21284,-2.49919,0.15449,0.13913,1.77273,0.00000,
58.68,1,3.12975,-2.49465,0.01495,0.08978,-0.04700,0.08310,0.00494
58.68,2,2.00676,-2.49234,-0.00034,0.43349,-0.00232,0.12300,0.01029
58.7,0,4.21639,-2.49835,0.18848,0.21666,1.72097,0.00000,
58.7,1,3.13134,-2.49462,0.01407,0.07973,-0.04177,0.08505,0.00855
58.7,2,2.01529,-2.49230,0.00185,0.41355,0.11798,0.11606,0.01188
58.72,0,4.22117,-2.49736,0.22500,0.25996,1.90842,0.00000,
58.72,1,3.13376,-2.49459,0.01329,0.22371,-0.03749,0.08742,0.00489
58.72,2,2.02320,-2.49229,0.00277,0.38410,-0.00912,0.11056,0.01430
58.74,0,4.22630,-2.49614,0.26382,0.28443,1.97601,0.00000,
58.74,1,3.13944,-2.49455,0.01234,0.27991,-0.05146,0.08686,0.01016
58.74,2,2.02838,-2.49228,0.00224,0.10120,-0.02242,0.11106,0.00716
58.76,0,4.23200,-2.49461,0.30302,0.28238,1.90571,0.00000,
58.76,1,3.14501,-2.49453,0.01145,0.27532,-0.03317,0.08699,0.01606
58.76,2,2.02936,-2.49227,0.00184,0.01485,-0.01913,0.11565,0.01273
58.78,0,4.23791,-2.49276,0.34135,0.32739,1.92192,0.00000,
58.78,1,3.15038,-2.49446,0.01094,0.26369,-0.02459,0.08753,0.02224
58.78,2,2.02904,-2.49225,0.00146,-0.03936,-0.01803,0.12135,0.01810
58.8,0,4.24428,-2.49051,0.37979,0.34211,1.92082,0.00000,
58.8,1,3.15558,-2.49439,0.01039,0.25801,-0.02987,0.08871,0.02897
58.8,2,2.02834,-2.49217,0.00179,0.00675,0.04640,0.12724,0.02330
58.82,0,4.25068,-2.48799,0.41819,0.34546,1.92028,0.00000,
58.82,1,3.16283,-2.49431,0.01080,0.41826,0.06816,0.08787,0.00688
58.82,2,2.02938,-2.49213,0.00232,0.08072,0.00375,0.13345,0.03054
58.84,0,4.25707,-2.48518,0.45663,0.35237,1.92325,0.00000,
58.84,1,3.17095,-2.49422,0.01161,0.36987,0.00368,0.08616,0.01386
58.84,2,2.03225,-2.49210,0.00211,0.16318,-0.01314,0.13870,0.01218
58.86,0,4.26351,-2.48205,0.49512,0.36295,1.92502,0.00000,
58.86,1,3.17793,-2.49414,0.01112,0.35718,-0.03384,0.08565,0.02101
58.86,2,2.03551,-2.49206,0.00185,0.16318,-0.01324,0.14242,0.01916
58.88,0,4.26996,-2.47858,0.53313,0.38159,1.92507,0.00000,
58.88,1,3.18524,-2.49406,0.01059,0.36841,-0.01888,0.08483,0.02832
58.88,2,2.04039,-2.49198,0.03443,0.29621,1.89600,0.14486,0.02647
58.9,0,4.27672,-2.47461,0.57168,0.38445,1.86529,0.00000,
58.9,1,3.19253,-2.49399,0.01033,0.35919,-0.01077,0.08437,0.03613
58.9,2,2.04721,-2.49193,0.04777,0.37028,-0.18332,0.14531,0.03376
58.92,0,4.28350,-2.47025,0.60979,0.41540,1.92863,0.00000,
58.92,1,3.19953,-2.49391,0.01064,0.26230,0.11084,0.08422,0.00806
58.92,2,2.05538,-2.49169,0.04013,0.39543,-0.28909,0.14416,0.04077
58.94,0,4.29046,-2.46542,0.64850,0.42764,1.93518,0.00000,
58.94,1,3.20332,-2.49384,0.00946,0.11912,-0.05217,0.08751,0.01653
58.94,2,2.06501,-2.49124,0.03786,0.52750,-0.03465,0.13831,0.00724
58.96,0,4.29733,-2.46026,0.68709,0.43150,1.92466,0.00000,
58.96,1,3.20522,-2.49377,0.00847,0.04415,-0.04611,0.09263,0.02512
58.96,2,2.07561,-2.49083,0.03726,0.50779,-0.04725,0.12962,0.00914
58.98,0,4.30400,-2.45481,0.72505,0.42782,1.85198,0.00000,
58.98,1,3.20734,-2.49378,0.00643,0.19983,-0.07895,0.09736,0.03371
58.98,2,2.08490,-2.49051,0.03578,0.43525,-0.08744,0.12244,0.01126
59.0,0,4.31067,-2.44891,0.76314,0.45650,1.93484,0.00000,
59.0,1,3.21168,-2.49377,0.00585,0.22443,-0.01175,0.09991,0.04258
59.0,2,2.09189,-2.49022,0.03447,0.29264,-0.04916,0.11979,0.01560
59.02,0,4.31740,-2.44252,0.80199,0.46814,1.94013,0.00000,
59.02,1,3.21616,-2.49376,0.00560,0.22443,-0.01149,0.10243,0.00929
59.02,2,2.09804,-2.48993,0.03457,0.32306,-0.03446,0.11813,0.00224
59.04,0,4.32396,-2.43579,0.84061,0.47067,1.92432,0.00000,
59.04,1,3.22189,-2.49369,0.02198,0.29989,1.21460,0.10359,0.01868
59.04,2,2.10273,-2.48969,0.04084,0.24255,0.73330,0.11917,0.00797
59.06,0,4.33030,-2.42879,0.87894,0.47335,1.88335,0.00000,
59.06,1,3.22985,-2.49342,0.03406,0.46336,0.09774,0.10234,0.02811
59.06,2,2.10759,-2.48944,0.05362,0.24000,0.37734,0.12226,0.01593
59.08,0,4.33635,-2.42154,0.90985,0.46434,1.20576,0.00000,
59.08,1,3.23934,-2.49304,0.03142,0.49989,-0.16719,0.09934,0.03754
59.08,2,2.11276,-2.48919,0.05275,0.30040,-0.26582,0.12659,0.02543
59.1,0,4.34212,-2.41414,0.93214,0.47055,1.11240,0.00000,
59.1,1,3.24919,-2.49265,0.02989,0.47726,0.00296,0.09575,0.04689
59.1,2,2.11924,-2.48887,0.04745,0.32882,-0.20699,0.12995,0.03528
59.12,0,4.34773,-2.40660,0.95547,0.46965,1.19966,0.00000,
59.12,1,3.26116,-2.49217,0.03402,0.64850,0.08592,0.08993,0.00940
59.12,2,2.12704,-2.48857,0.04456,0.55554,-0.21460,0.13412,0.00641
59.14,0,4.35317,-2.39891,0.97920,0.47256,1.15817,0.00000,
59.14,1,3.27316,-2.49180,0.03535,0.58718,0.08338,0.08401,0.01882
59.14,2,2.13706,-2.48826,0.03941,0.45203,-0.27657,0.13610,0.01842
59.16,0,4.35848,-2.39105,1.00145,0.47536,1.07992,0.00000,
59.16,1,3.28405,-2.49141,0.03708,0.51053,0.07742,0.07911,0.02830
59.16,2,2.14617,-2.48801,0.03349,0.47083,-0.33527,0.13789,0.02932
59.18,0,4.36362,-2.38304,1.02257,0.47603,1.04059,0.00000,
59.18,1,3.29173,-2.49099,0.03950,0.37518,0.16784,0.07731,0.03781
59.18,2,2.15701,-2.48773,0.02914,0.60066,-0.10772,0.13473,0.03701
59.2,0,4.36860,-2.37491,1.04306,0.47678,1.00961,0.00000,
59.2,1,3.29964,-2.49060,0.04293,0.41290,0.13008,0.07520,0.04733
59.2,2,2.16946,-2.48734,0.02824,0.62955,-0.02598,0.13018,0.04493
59.22,0,4.37337,-2.36689,1.06208,0.45129,0.90603,0.00000,
59.22,1,3.30920,-2.49014,0.04831,0.51637,0.35766,0.07129,0.00933
59.22,2,2.18202,-2.48696,0.02736,0.61871,-0.06360,0.12718,0.05449
59.24,0,4.37788,-2.35899,1.08126,0.45767,0.97332,0.00000,
59.24,1,3.31989,-2.48956,0.05114,0.53706,0.12098,0.06601,0.01843
59.24,2,2.19299,-2.48661,0.02553,0.46670,-0.12236,0.12690,0.01598
59.26,0,4.38223,-2.35088,1.10004,0.46191,0.90337,0.00000,
59.26,1,3.32994,-2.48897,0.05282,0.49839,0.07965,0.06131,0.02763
59.26,2,2.20204,-2.48626,0.02314,0.37540,-0.10195,0.12791,0.02606
59.28,0,4.38643,-2.34264,1.11745,0.46168,0.85213,0.00000,
59.28,1,3.33884,-2.48842,0.05535,0.39701,0.15203,0.05768,0.03687
59.28,2,2.20752,-2.48593,0.02152,0.26111,-0.09297,0.13133,0.03497
59.3,0,4.39046,-2.33438,1.13430,0.44824,0.84507,0.00000,
59.3,1,3.34705,-2.48793,0.05786,0.42069,0.10716,0.05465,0.04606
59.3,2,2.21369,-2.48581,0.01845,0.34373,-0.14047,0.13336,0.04320
59.32,0,4.39439,-2.32600,1.15100,0.48313,0.81155,0.00000,
59.32,1,3.35560,-2.48742,0.06643,0.43235,0.72751,0.05125,0.00925
59.32,2,2.22135,-2.48565,0.01671,0.45351,0.01920,0.13425,0.05176
59.34,0,4.39843,-2.31698,1.16667,0.49770,0.76294,0.00000,
59.34,1,3.36406,-2.48685,0.07679,0.41450,0.27456,0.04822,0.01914
59.34,2,2.23068,-2.48561,0.01484,0.49186,-0.28361,0.13338,0.01280
59.36,0,4.40231,-2.30790,1.18161,0.48925,0.73697,0.00000,
59.36,1,3.37211,-2.48624,0.07860,0.39631,0.02139,0.04553,0.02901
59.36,2,2.24051,-2.48550,0.00989,0.51376,-0.13820,0.13160,0.02087
59.38,0,4.40600,-2.29892,1.19612,0.48356,0.71538,0.00000,
59.38,1,3.37991,-2.48563,0.07987,0.37706,0.10656,0.04294,0.03871
59.38,2,2.25072,-2.48536,0.00941,0.49889,0.02992,0.12919,0.02869
59.4,0,4.40954,-2.28991,1.21013,0.48489,0.68804,0.00000,
59.4,1,3.38769,-2.48500,0.08289,0.39952,0.16879,0.04031,0.04839
59.4,2,2.26031,-2.48525,0.00982,0.46700,-0.00110,0.12738,0.03650
59.42,0,4.41297,-2.28081,1.22359,0.48742,0.66097,0.00000,
59.42,1,3.39568,-2.48434,0.08605,0.39841,0.14362,0.03745,0.00973
59.42,2,2.26931,-2.48516,0.00948,0.45659,-0.00569,0.12637,0.00400
59.44,0,4.41629,-2.27163,1.23654,0.48836,0.63604,0.00000,
59.44,1,3.40475,-2.48353,0.06650,0.45296,-1.24037,0.03350,0.01949
59.44,2,2.27938,-2.48506,0.00950,0.50698,-0.00351,0.12538,0.01311
59.46,0,4.41950,-2.26240,1.24900,0.48846,0.61294,0.00000,
59.46,1,3.41312,-2.48301,0.05512,0.40175,0.07596,0.03027,0.02926
59.46,2,2.28840,-2.48498,0.00917,0.41798,-0.02380,0.12472,0.02150
59.48,0,4.42259,-2.25313,1.26101,0.48871,0.59053,0.00000,
59.48,1,3.42113,-2.48246,0.06478,0.40518,0.58715,0.02738,0.03903
59.48,2,2.29731,-2.48490,0.00873,0.46305,-0.01954,0.12382,0.02952
59.5,0,4.42557,-2.24382,1.27258,0.48920,0.56870,0.00000,
59.5,1,3.42932,-2.48186,0.07330,0.41315,0.28318,0.02429,0.04880
59.5,2,2.30662,-2.48482,0.00839,0.46099,-0.01592,0.12271,0.03774
59.52,0,4.42845,-2.23446,1.28372,0.48968,0.54774,0.00000,
59.52,1,3.43750,-2.48125,0.07731,0.40526,0.17778,0.02122,0.05859
59.52,2,2.31477,-2.48475,0.00814,0.38325,-0.01232,0.12273,0.04593
59.54,0,4.43122,-2.22506,1.29446,0.49005,0.52760,0.00000,
59.54,1,3.44687,-2.48045,0.08861,0.52068,0.91339,0.01694,0.01959
59.54,2,2.32532,-2.48468,0.00824,0.59615,0.01220,0.12156,0.01349
59.56,0,4.43390,-2.21563,1.30479,0.49037,0.50821,0.00000,
59.56,1,3.45717,-2.47958,0.10302,0.50765,0.48673,0.01176,0.02939
59.56,2,2.33553,-2.48462,0.00709,0.48588,-0.15475,0.12165,0.02382
59.58,0,4.43648,-2.20616,1.31475,0.49068,0.48953,0.00000,
59.58,1,3.46643,-2.47867,0.10814,0.43091,0.14986,0.00760,0.03920
59.58,2,2.34542,-2.48456,0.00465,0.45733,-0.06124,0.12103,0.03312
59.6,0,4.43896,-2.19667,1.32434,0.49098,0.47155,0.00000,
59.6,1,3.47437,-2.47778,0.11190,0.33705,0.29794,0.00472,0.04901
59.6,2,2.35283,-2.48451,0.00426,0.36378,-0.01346,0.12156,0.04111
59.62,0,4.44136,-2.18714,1.33359,0.49126,0.45451,0.00000,
59.62,1,3.48173,-2.47669,0.12338,0.41199,0.52884,0.00236,0.00982
59.62,2,2.36034,-2.48450,0.00393,0.38729,-0.01259,0.12142,0.04854
59.64,0,4.44367,-2.17759,1.34249,0.49153,0.43802,0.00000,
59.64,1,3.48938,-2.47573,0.13240,0.34497,0.32752,0.00023,0.01965
59.64,2,2.36899,-2.48445,0.00421,0.48009,0.05245,0.12043,0.01177
59.66,0,4.44589,-2.16801,1.35107,0.49176,0.42154,0.00000,
59.66,1,3.49726,-2.47462,0.13834,0.43851,0.28886,0.00304,0.02948
59.66,2,2.37933,-2.48441,0.00469,0.52531,0.00474,0.11797,0.01973
59.68,0,4.44797,-2.15904,1.35882,0.46507,0.41302,0.00000,
59.68,1,3.50608,-2.47335,0.14420,0.43764,0.29891,0.00704,0.03869
59.68,2,2.38902,-2.48436,0.00476,0.47445,0.00327,0.11711,0.02864
59.7,0,4.44997,-2.14986,1.36712,0.47172,0.40555,0.00000,
59.7,1,3.51412,-2.47214,0.15054,0.34046,0.39570,0.01021,0.04808
59.7,2,2.39795,-2.48432,0.00484,0.37307,0.00641,0.11623,0.03677
59.72,0,4.45187,-2.14072,1.37504,0.44043,0.44051,0.00000,
59.72,1,3.52053,-2.47105,0.15727,0.33695,0.26381,0.01181,0.05742
59.72,2,2.40465,-2.48428,0.00496,0.35158,0.00352,0.11595,0.04327
59.74,0,4.45374,-2.13148,1.38297,0.50517,0.34273,0.00000,
59.74,1,3.52773,-2.46987,0.16981,0.38873,0.98553,0.01411,0.01876
59.74,2,2.41193,-2.48424,0.00513,0.33781,0.04439,0.11589,0.01062
59.76,0,4.45569,-2.12123,1.38942,0.52533,0.32114,0.00000,
59.76,1,3.53491,-2.46860,0.18441,0.36169,0.45148,0.01587,0.02920
59.76,2,2.41772,-2.48421,0.00661,0.28120,0.06283,0.11730,0.01790
59.78,0,4.45755,-2.11108,1.39604,0.50730,0.33685,0.00000,
59.78,1,3.54251,-2.46719,0.18958,0.39583,0.18288,0.01811,0.03952
59.78,2,2.42378,-2.48417,0.00711,0.32885,0.00078,0.11886,0.02563
59.8,0,4.45929,-2.10123,1.40271,0.49669,0.32775,0.00000,
59.8,1,3.55010,-2.46573,0.19402,0.37469,0.27061,0.02046,0.04952
59.8,2,2.43103,-2.48411,0.00702,0.36528,-0.00298,0.11922,0.03336
59.82,0,4.46096,-2.09142,1.40907,0.49917,0.31010,0.00000,
59.82,1,3.55721,-2.46434,0.20016,0.35520,0.31864,0.02234,0.05947
59.82,2,2.43883,-2.48406,0.00724,0.34180,0.04707,0.11855,0.00358
59.84,0,4.46256,-2.08182,1.41479,0.46772,0.26490,0.00000,
59.84,1,3.56543,-2.46271,0.21114,0.48905,0.47263,0.02536,0.01969
59.84,2,2.44435,-2.48401,0.00493,0.27508,-0.14792,0.12129,0.01196
59.86,0,4.46407,-2.07245,1.42060,0.47879,0.30266,0.00000,
59.86,1,3.57459,-2.46098,0.21994,0.40717,0.34636,0.02936,0.02917
59.86,2,2.44915,-2.48424,0.00071,0.21381,-0.13145,0.12568,0.02128
59.88,0,4.46552,-2.06294,1.42649,0.48137,0.28245,0.00000,
59.88,1,3.58262,-2.45919,0.22672,0.43308,0.35638,0.03225,0.03879
59.88,2,2.45479,-2.48426,0.00162,0.28391,0.13252,0.12810,0.02950
59.9,0,4.46691,-2.05344,1.43187,0.47866,0.26086,0.00000,
59.9,1,3.58973,-2.45728,0.23651,0.30808,0.55633,0.03432,0.04839
59.9,2,2.45994,-2.48424,0.00666,0.25851,0.10594,0.13011,0.03685
59.92,0,4.46823,-2.04409,1.43718,0.46962,0.26971,0.00000,
59.92,1,3.59594,-2.45549,0.25054,0.35519,1.03996,0.03556,0.00945
59.92,2,2.46613,-2.48441,0.00255,0.35887,-0.26815,0.13018,0.04330
59.94,0,4.46952,-2.03445,1.44220,0.49611,0.24067,0.00000,
59.94,1,3.60297,-2.45365,0.26755,0.33535,0.50873,0.03737,0.01917
59.94,2,2.47402,-2.48437,0.00072,0.39099,0.09840,0.12937,0.01065
59.96,0,4.47080,-2.02464,1.44713,0.50624,0.23395,0.00000,
59.96,1,3.60952,-2.45187,0.27279,0.36861,0.20673,0.03858,0.02907
59.96,2,2.48135,-2.48431,0.00442,0.35521,0.17469,0.12864,0.01745
59.98,0,4.47206,-2.01449,1.45166,0.51187,0.22316,0.00000,
59.98,1,3.61686,-2.44983,0.27806,0.38003,0.31667,0.04037,0.03930
59.98,2,2.48848,-2.48426,0.00627,0.36103,0.03292,0.12890,0.02507
